1 0
2 0
3 0
4 0
5 0
6 0
7 0
8 0
9 0
10 0
11 0
12 0
13 0
14 0
15 0
16 0
17 0
18 0
19 0
20 0
21 0
22 0
23 0
24 1
25 1
26 1
27 1
28 1
29 1
30 1
31 1
32 1
33 1
34 1
35 1
36 2
37 2
38 2
39 2
40 2
41 2
42 2
43 2
44 2
45 3
46 3
47 3
48 3
49 3
50 3
51 3
52 3
53 4
54 4
55 4
56 4
57 4
58 4
59 5
60 5
61 5
62 5
63 5
64 5
65 6
66 6
67 6
68 6
69 6
70 6
71 7
72 7
73 7
74 7
75 7
76 8
77 8
78 8
79 8
80 8
81 9
82 9
83 9
84 9
85 10
86 10
87 10
88 10
89 10
90 11
91 11
92 11
93 11
94 12
95 12
96 12
97 12
98 13
99 13
100 13
101 13
102 14
103 14
104 14
105 15
106 15
107 15
108 15
109 16
110 16
111 17
112 17
113 17
114 17
115 18
116 18
117 18
118 19
119 19
120 19
121 20
122 20
123 20
124 21
125 21
126 21
127 22
128 22
129 22
130 23
131 23
132 23
133 24
134 24
135 24
136 25
137 25
138 25
139 26
140 26
141 27
142 27
143 27
144 28
145 28
146 28
147 29
148 29
149 30
150 30
151 30
152 31
153 31
154 32
155 32
156 32
157 33
158 33
159 34
160 34
161 35
162 35
163 35
164 36
165 36
166 37
167 37
168 38
169 38
170 38
171 39
172 39
173 40
174 40
175 41
176 41
177 42
178 42
179 43
180 43
181 44
182 44
183 45
184 45
185 46
186 46
187 47
188 47
189 48
190 48
191 49
192 49
193 50
194 50
195 51
196 51
197 52
198 52
199 53
200 53
201 54
202 54
203 55
204 55
205 56
206 56
207 57
208 57
209 58
210 59
211 59
212 60
213 60
214 61
215 61
216 62
217 63
218 63
219 64
220 64
221 65
222 66
223 66
224 67
225 67
226 68
227 68
228 69
229 70
230 70
231 71
232 72
233 72
234 73
235 73
236 74
237 75
238 75
239 76
240 77
241 77
242 78
243 78
244 79
245 80
246 80
247 81
248 81
249 82
250 83
251 83
252 84
253 85
254 85
255 86
256 87
257 87
258 88
259 89
260 89
261 90
262 91
263 91
264 92
265 93
266 93
267 94
268 95
269 95
270 96
271 97
272 98
273 98
274 99
275 100
276 100
277 101
278 102
279 103
280 103
281 104
282 105
283 106
284 106
285 107
286 108
287 109
288 109
289 110
290 111
291 112
292 112
293 113
294 114
295 115
296 115
297 116
298 117
299 118
300 118
301 119
302 120
303 121
304 122
305 122
306 123
307 124
308 125
309 126
310 127
311 127
312 128
313 129
314 130
315 131
316 131
317 132
318 133
319 134
320 135
321 136
322 137
323 137
324 138
325 139
326 140
327 141
328 142
329 143
330 144
331 145
332 145
333 146
334 147
335 148
336 149
337 150
338 151
339 152
340 152
341 153
342 154
343 155
344 156
345 157
346 158
347 159
348 160
349 161
350 162
351 163
352 164
353 164
354 165
355 166
356 167
357 168
358 169
359 170
360 171
361 172
362 173
363 174
364 175
365 176
366 177
367 178
368 179
369 180
370 181
371 182
372 183
373 184
374 185
375 186
376 187
377 188
378 189
379 190
380 191
381 192
382 193
383 194
384 196
385 197
386 198
387 199
388 200
389 201
390 202
391 203
392 204
393 205
394 206
395 207
396 209
397 210
398 211
399 212
400 213
401 214
402 215
403 216
404 217
405 219
406 220
407 221
408 222
409 223
410 224
411 225
412 226
413 228
414 229
415 230
416 231
417 232
418 233
419 235
420 236
421 237
422 238
423 239
424 240
425 242
426 243
427 244
428 245
429 246
430 248
431 249
432 250
433 251
434 252
435 253
436 255
437 256
438 257
439 258
440 259
441 261
442 262
443 263
444 264
445 266
446 267
447 268
448 269
449 270
450 272
451 273
452 274
453 276
454 277
455 278
456 279
457 281
458 282
459 283
460 284
461 286
462 287
463 288
464 289
465 291
466 292
467 293
468 295
469 296
470 297
471 299
472 300
473 301
474 302
475 304
476 305
477 306
478 308
479 309
480 310
481 312
482 313
483 314
484 316
485 317
486 319
487 320
488 321
489 323
490 324
491 325
492 327
493 328
494 329
495 331
496 332
497 334
498 335
499 336
500 338
501 339
502 340
503 342
504 343
505 345
506 346
507 348
508 350
509 351
510 353
511 355
512 356
513 358
514 359
515 361
516 362
517 364
518 365
519 367
520 369
521 370
522 372
523 373
524 375
525 376
526 378
527 379
528 381
529 382
530 384
531 385
532 387
533 388
534 390
535 391
536 393
537 394
538 396
539 397
540 399
541 401
542 402
543 404
544 405
545 407
546 408
547 410
548 411
549 413
550 414
551 416
552 417
553 419
554 420
555 422
556 424
557 425
558 427
559 428
560 430
561 432
562 433
563 435
564 436
565 438
566 440
567 441
568 443
569 445
570 446
571 448
572 450
573 451
574 453
575 455
576 456
577 458
578 460
579 462
580 463
581 465
582 467
583 469
584 470
585 472
586 474
587 476
588 477
589 479
590 481
591 483
592 484
593 486
594 488
595 489
596 491
597 493
598 494
599 496
600 498
601 499
602 501
603 503
604 504
605 506
606 508
607 510
608 511
609 513
610 515
611 516
612 518
613 520
614 522
615 523
616 525
617 527
618 529
619 531
620 532
621 534
622 536
623 538
624 539
625 541
626 543
627 545
628 546
629 548
630 550
631 552
632 554
633 555
634 557
635 559
636 561
637 563
638 564
639 566
640 568
641 570
642 572
643 573
644 575
645 577
646 579
647 581
648 583
649 585
650 586
651 588
652 590
653 592
654 594
655 596
656 598
657 599
658 601
659 603
660 605
661 607
662 609
663 611
664 612
665 614
666 616
667 618
668 620
669 622
670 624
671 626
672 628
673 630
674 632
675 634
676 636
677 637
678 639
679 641
680 643
681 645
682 647
683 649
684 651
685 653
686 655
687 657
688 659
689 661
690 663
691 665
692 667
693 669
694 671
695 673
696 675
697 677
698 679
699 681
700 683
701 685
702 687
703 689
704 691
705 693
706 695
707 697
708 699
709 702
710 704
711 706
712 708
713 710
714 712
715 714
716 716
717 718
718 721
719 723
720 725
721 727
722 729
723 731
724 734
725 736
726 738
727 740
728 743
729 745
730 747
731 749
732 751
733 754
734 756
735 758
736 760
737 763
738 765
739 767
740 769
741 772
742 774
743 776
744 778
745 781
746 783
747 785
748 788
749 790
750 792
751 795
752 797
753 799
754 801
755 804
756 806
757 808
758 811
759 813
760 815
761 818
762 820
763 822
764 825
765 827
766 829
767 832
768 834
769 836
770 839
771 841
772 844
773 846
774 848
775 851
776 853
777 855
778 858
779 860
780 863
781 865
782 867
783 870
784 872
785 875
786 877
787 880
788 882
789 885
790 887
791 889
792 892
793 894
794 897
795 899
796 902
797 904
798 907
799 909
800 911
801 914
802 916
803 919
804 921
805 924
806 926
807 929
808 931
809 934
810 936
811 939
812 941
813 944
814 946
815 949
816 951
817 954
818 956
819 959
820 961
821 964
822 967
823 969
824 972
825 974
826 977
827 979
828 982
829 984
830 987
831 989
832 992
833 995
834 997
835 1000
836 1002
837 1005
838 1007
839 1010
840 1013
841 1015
842 1018
843 1020
844 1023
845 1025
846 1028
847 1031
848 1033
849 1036
850 1038
851 1041
852 1043
853 1046
854 1048
855 1051
856 1053
857 1056
858 1058
859 1061
860 1063
861 1066
862 1068
863 1071
864 1073
865 1076
866 1078
867 1081
868 1083
869 1086
870 1088
871 1091
872 1093
873 1096
874 1098
875 1101
876 1104
877 1106
878 1109
879 1111
880 1114
881 1116
882 1119
883 1122
884 1124
885 1127
886 1129
887 1132
888 1135
889 1137
890 1140
891 1143
892 1145
893 1148
894 1150
895 1153
896 1156
897 1158
898 1161
899 1163
900 1166
901 1169
902 1171
903 1174
904 1177
905 1179
906 1182
907 1185
908 1187
909 1190
910 1192
911 1195
912 1198
913 1200
914 1203
915 1206
916 1208
917 1211
918 1214
919 1217
920 1219
921 1222
922 1225
923 1227
924 1230
925 1233
926 1235
927 1238
928 1241
929 1243
930 1246
931 1249
932 1252
933 1254
934 1257
935 1260
936 1263
937 1265
938 1268
939 1271
940 1274
941 1276
942 1279
943 1282
944 1285
945 1288
946 1290
947 1293
948 1296
949 1299
950 1302
951 1305
952 1307
953 1310
954 1313
955 1316
956 1319
957 1321
958 1324
959 1327
960 1330
961 1333
962 1336
963 1338
964 1341
965 1344
966 1347
967 1350
968 1353
969 1356
970 1359
971 1362
972 1365
973 1367
974 1371
975 1373
976 1376
977 1379
978 1382
979 1385
980 1388
981 1391
982 1394
983 1397
984 1400
985 1403
986 1406
987 1409
988 1412
989 1415
990 1418
991 1421
992 1424
993 1427
994 1430
995 1433
996 1436
997 1439
998 1442
999 1445
1000 1448
1001 1451
1002 1454
1003 1457
1004 1460
1005 1463
1006 1466
1007 1469
1008 1472
1009 1475
1010 1478
1011 1481
1012 1484
1013 1487
1014 1490
1015 1493
1016 1496
1017 1499
1018 1502
1019 1506
1020 1509
1021 1512
1022 1515
1023 1518
1024 1521
1025 1524
1026 1527
1027 1530
1028 1533
1029 1536
1030 1540
1031 1543
1032 1546
1033 1549
1034 1552
1035 1555
1036 1558
1037 1561
1038 1565
1039 1568
1040 1571
1041 1574
1042 1577
1043 1580
1044 1584
1045 1587
1046 1590
1047 1593
1048 1596
1049 1600
1050 1603
1051 1607
1052 1610
1053 1613
1054 1616
1055 1619
1056 1623
1057 1626
1058 1629
1059 1632
1060 1635
1061 1638
1062 1641
1063 1645
1064 1648
1065 1651
1066 1654
1067 1657
1068 1660
1069 1664
1070 1667
1071 1670
1072 1673
1073 1676
1074 1679
1075 1683
1076 1686
1077 1689
1078 1692
1079 1695
1080 1699
1081 1702
1082 1705
1083 1708
1084 1712
1085 1715
1086 1718
1087 1721
1088 1725
1089 1728
1090 1731
1091 1734
1092 1738
1093 1741
1094 1744
1095 1748
1096 1751
1097 1755
1098 1758
1099 1761
1100 1765
1101 1768
1102 1771
1103 1775
1104 1778
1105 1781
1106 1785
1107 1788
1108 1791
1109 1795
1110 1798
1111 1802
1112 1805
1113 1809
1114 1812
1115 1815
1116 1819
1117 1822
1118 1825
1119 1829
1120 1832
1121 1836
1122 1839
1123 1843
1124 1846
1125 1849
1126 1853
1127 1856
1128 1860
1129 1863
1130 1867
1131 1870
1132 1874
1133 1877
1134 1881
1135 1884
1136 1887
1137 1891
1138 1894
1139 1898
1140 1901
1141 1905
1142 1909
1143 1913
1144 1917
1145 1921
1146 1925
1147 1929
1148 1933
1149 1937
1150 1941
1151 1945
1152 1949
1153 1953
1154 1957
1155 1961
1156 1965
1157 1969
1158 1973
1159 1977
1160 1981
1161 1985
1162 1989
1163 1992
1164 1996
1165 2000
1166 2003
1167 2007
1168 2010
1169 2014
1170 2017
1171 2021
1172 2024
1173 2028
1174 2031
1175 2035
1176 2039
1177 2042
1178 2046
1179 2049
1180 2053
1181 2056
1182 2060
1183 2064
1184 2067
1185 2071
1186 2074
1187 2078
1188 2082
1189 2085
1190 2089
1191 2092
1192 2096
1193 2100
1194 2103
1195 2107
1196 2110
1197 2114
1198 2118
1199 2121
1200 2125
1201 2128
1202 2132
1203 2136
1204 2140
1205 2143
1206 2147
1207 2150
1208 2154
1209 2158
1210 2161
1211 2165
1212 2169
1213 2172
1214 2176
1215 2180
1216 2183
1217 2187
1218 2191
1219 2194
1220 2198
1221 2202
1222 2205
1223 2209
1224 2213
1225 2217
1226 2221
1227 2224
1228 2228
1229 2232
1230 2236
1231 2240
1232 2243
1233 2247
1234 2251
1235 2255
1236 2259
1237 2263
1238 2266
1239 2270
1240 2274
1241 2278
1242 2282
1243 2286
1244 2290
1245 2294
1246 2298
1247 2301
1248 2305
1249 2309
1250 2313
1251 2317
1252 2321
1253 2325
1254 2329
1255 2333
1256 2337
1257 2341
1258 2345
1259 2349
1260 2353
1261 2357
1262 2361
1263 2365
1264 2369
1265 2373
1266 2377
1267 2381
1268 2385
1269 2389
1270 2393
1271 2397
1272 2401
1273 2404
1274 2408
1275 2412
1276 2416
1277 2420
1278 2424
1279 2428
1280 2432
1281 2436
1282 2440
1283 2444
1284 2448
1285 2451
1286 2455
1287 2459
1288 2463
1289 2467
1290 2471
1291 2475
1292 2479
1293 2483
1294 2487
1295 2490
1296 2494
1297 2498
1298 2502
1299 2506
1300 2510
1301 2514
1302 2518
1303 2522
1304 2526
1305 2530
1306 2534
1307 2538
1308 2542
1309 2546
1310 2550
1311 2554
1312 2557
1313 2561
1314 2565
1315 2569
1316 2573
1317 2577
1318 2581
1319 2585
1320 2589
1321 2593
1322 2597
1323 2601
1324 2605
1325 2609
1326 2613
1327 2617
1328 2621
1329 2625
1330 2629
1331 2633
1332 2637
1333 2641
1334 2646
1335 2650
1336 2654
1337 2658
1338 2662
1339 2666
1340 2670
1341 2674
1342 2678
1343 2682
1344 2686
1345 2690
1346 2694
1347 2698
1348 2702
1349 2706
1350 2710
1351 2714
1352 2719
1353 2723
1354 2727
1355 2731
1356 2735
1357 2739
1358 2743
1359 2747
1360 2752
1361 2756
1362 2760
1363 2764
1364 2768
1365 2772
1366 2777
1367 2781
1368 2785
1369 2789
1370 2793
1371 2798
1372 2802
1373 2806
1374 2810
1375 2815
1376 2819
1377 2823
1378 2827
1379 2831
1380 2836
1381 2840
1382 2844
1383 2848
1384 2852
1385 2857
1386 2861
1387 2865
1388 2869
1389 2874
1390 2878
1391 2882
1392 2886
1393 2891
1394 2895
1395 2899
1396 2903
1397 2908
1398 2912
1399 2916
1400 2921
1401 2925
1402 2929
1403 2934
1404 2938
1405 2942
1406 2947
1407 2951
1408 2955
1409 2960
1410 2964
1411 2968
1412 2973
1413 2977
1414 2981
1415 2986
1416 2990
1417 2994
1418 2999
1419 3003
1420 3007
1421 3012
1422 3016
1423 3020
1424 3025
1425 3029
1426 3033
1427 3038
1428 3042
1429 3047
1430 3051
1431 3056
1432 3060
1433 3065
1434 3069
1435 3073
1436 3078
1437 3082
1438 3087
1439 3091
1440 3095
1441 3100
1442 3104
1443 3109
1444 3113
1445 3118
1446 3122
1447 3127
1448 3131
1449 3136
1450 3140
1451 3145
1452 3149
1453 3153
1454 3158
1455 3162
1456 3167
1457 3171
1458 3176
1459 3180
1460 3185
1461 3189
1462 3194
1463 3198
1464 3203
1465 3207
1466 3212
1467 3216
1468 3221
1469 3225
1470 3230
1471 3234
1472 3239
1473 3243
1474 3248
1475 3252
1476 3257
1477 3261
1478 3266
1479 3271
1480 3275
1481 3280
1482 3284
1483 3289
1484 3293
1485 3298
1486 3302
1487 3307
1488 3311
1489 3316
1490 3321
1491 3325
1492 3330
1493 3334
1494 3339
1495 3344
1496 3348
1497 3353
1498 3358
1499 3362
1500 3367
1501 3372
1502 3376
1503 3381
1504 3386
1505 3390
1506 3395
1507 3400
1508 3404
1509 3409
1510 3414
1511 3418
1512 3423
1513 3428
1514 3433
1515 3437
1516 3442
1517 3447
1518 3451
1519 3456
1520 3461
1521 3466
1522 3470
1523 3475
1524 3480
1525 3484
1526 3489
1527 3494
1528 3499
1529 3503
1530 3508
1531 3513
1532 3518
1533 3523
1534 3527
1535 3532
1536 3537
1537 3542
1538 3547
1539 3551
1540 3556
1541 3561
1542 3566
1543 3571
1544 3575
1545 3580
1546 3585
1547 3590
1548 3595
1549 3600
1550 3604
1551 3609
1552 3614
1553 3619
1554 3624
1555 3629
1556 3633
1557 3638
1558 3643
1559 3648
1560 3653
1561 3658
1562 3663
1563 3667
1564 3673
1565 3679
1566 3684
1567 3690
1568 3695
1569 3700
1570 3706
1571 3711
1572 3716
1573 3721
1574 3726
1575 3731
1576 3736
1577 3741
1578 3746
1579 3751
1580 3756
1581 3761
1582 3766
1583 3771
1584 3776
1585 3781
1586 3786
1587 3791
1588 3796
1589 3801
1590 3805
1591 3810
1592 3815
1593 3820
1594 3825
1595 3830
1596 3835
1597 3840
1598 3845
1599 3850
1600 3856
1601 3861
1602 3866
1603 3871
1604 3876
1605 3881
1606 3886
1607 3891
1608 3896
1609 3901
1610 3907
1611 3912
1612 3917
1613 3922
1614 3927
1615 3933
1616 3938
1617 3943
1618 3948
1619 3953
1620 3958
1621 3963
1622 3968
1623 3973
1624 3979
1625 3984
1626 3989
1627 3994
1628 3999
1629 4004
1630 4009
1631 4015
1632 4020
1633 4025
1634 4030
1635 4035
1636 4041
1637 4046
1638 4051
1639 4056
1640 4061
1641 4066
1642 4072
1643 4077
1644 4082
1645 4087
1646 4093
1647 4098
1648 4103
1649 4108
1650 4113
1651 4119
1652 4124
1653 4129
1654 4134
1655 4140
1656 4145
1657 4150
1658 4156
1659 4161
1660 4167
1661 4172
1662 4177
1663 4183
1664 4188
1665 4193
1666 4198
1667 4204
1668 4209
1669 4215
1670 4220
1671 4225
1672 4230
1673 4236
1674 4241
1675 4247
1676 4252
1677 4258
1678 4263
1679 4269
1680 4274
1681 4280
1682 4285
1683 4291
1684 4296
1685 4301
1686 4307
1687 4312
1688 4318
1689 4323
1690 4329
1691 4334
1692 4340
1693 4345
1694 4351
1695 4356
1696 4362
1697 4368
1698 4373
1699 4379
1700 4385
1701 4390
1702 4396
1703 4401
1704 4407
1705 4412
1706 4418
1707 4423
1708 4429
1709 4435
1710 4440
1711 4446
1712 4452
1713 4458
1714 4463
1715 4469
1716 4475
1717 4480
1718 4486
1719 4492
1720 4498
1721 4503
1722 4509
1723 4515
1724 4521
1725 4526
1726 4532
1727 4538
1728 4543
1729 4549
1730 4555
1731 4561
1732 4567
1733 4572
1734 4578
1735 4584
1736 4590
1737 4595
1738 4601
1739 4607
1740 4613
1741 4619
1742 4624
1743 4630
1744 4636
1745 4642
1746 4648
1747 4653
1748 4659
1749 4665
1750 4671
1751 4679
1752 4685
1753 4690
1754 4696
1755 4702
1756 4707
1757 4713
1758 4719
1759 4725
1760 4730
1761 4736
1762 4742
1763 4747
1764 4754
1765 4760
1766 4766
1767 4772
1768 4778
1769 4784
1770 4790
1771 4796
1772 4803
1773 4809
1774 4815
1775 4821
1776 4827
1777 4833
1778 4839
1779 4846
1780 4852
1781 4858
1782 4864
1783 4870
1784 4877
1785 4883
1786 4889
1787 4895
1788 4901
1789 4907
1790 4914
1791 4920
1792 4926
1793 4932
1794 4939
1795 4945
1796 4951
1797 4958
1798 4964
1799 4970
1800 4976
1801 4982
1802 4989
1803 4995
1804 5001
1805 5007
1806 5014
1807 5020
1808 5026
1809 5032
1810 5039
1811 5044
1812 5051
1813 5056
1814 5062
1815 5068
1816 5074
1817 5080
1818 5086
1819 5092
1820 5098
1821 5104
1822 5110
1823 5116
1824 5122
1825 5128
1826 5134
1827 5140
1828 5147
1829 5153
1830 5159
1831 5165
1832 5171
1833 5177
1834 5183
1835 5189
1836 5195
1837 5201
1838 5207
1839 5213
1840 5219
1841 5225
1842 5231
1843 5237
1844 5243
1845 5249
1846 5256
1847 5262
1848 5268
1849 5274
1850 5281
1851 5287
1852 5293
1853 5299
1854 5306
1855 5312
1856 5318
1857 5324
1858 5331
1859 5337
1860 5343
1861 5349
1862 5356
1863 5362
1864 5369
1865 5375
1866 5381
1867 5388
1868 5394
1869 5400
1870 5407
1871 5413
1872 5419
1873 5425
1874 5432
1875 5438
1876 5444
1877 5450
1878 5456
1879 5462
1880 5469
1881 5475
1882 5481
1883 5487
1884 5493
1885 5499
1886 5506
1887 5512
1888 5518
1889 5524
1890 5530
1891 5536
1892 5543
1893 5549
1894 5555
1895 5561
1896 5568
1897 5574
1898 5580
1899 5586
1900 5593
1901 5599
1902 5606
1903 5612
1904 5618
1905 5625
1906 5631
1907 5637
1908 5643
1909 5650
1910 5656
1911 5662
1912 5668
1913 5675
1914 5681
1915 5687
1916 5693
1917 5700
1918 5706
1919 5712
1920 5718
1921 5725
1922 5732
1923 5738
1924 5745
1925 5752
1926 5759
1927 5765
1928 5772
1929 5779
1930 5786
1931 5792
1932 5799
1933 5806
1934 5812
1935 5819
1936 5826
1937 5833
1938 5839
1939 5846
1940 5853
1941 5860
1942 5867
1943 5874
1944 5880
1945 5887
1946 5894
1947 5901
1948 5908
1949 5915
1950 5922
1951 5929
1952 5935
1953 5942
1954 5949
1955 5956
1956 5963
1957 5970
1958 5977
1959 5984
1960 5991
1961 5998
1962 6005
1963 6012
1964 6019
1965 6026
1966 6033
1967 6039
1968 6046
1969 6053
1970 6060
1971 6067
1972 6074
1973 6081
1974 6088
1975 6094
1976 6101
1977 6107
1978 6114
1979 6121
1980 6127
1981 6134
1982 6141
1983 6147
1984 6154
1985 6161
1986 6168
1987 6174
1988 6181
1989 6187
1990 6194
1991 6201
1992 6207
1993 6214
1994 6220
1995 6227
1996 6233
1997 6240
1998 6247
1999 6253
2000 6260
2001 6267
2002 6273
2003 6280
2004 6287
2005 6293
2006 6300
2007 6307
2008 6313
2009 6320
2010 6327
2011 6334
2012 6340
2013 6347
2014 6354
2015 6361
2016 6367
2017 6374
2018 6381
2019 6388
2020 6394
2021 6401
2022 6408
2023 6415
2024 6422
2025 6428
2026 6435
2027 6442
2028 6449
2029 6456
2030 6463
2031 6469
2032 6476
2033 6483
2034 6490
2035 6497
2036 6504
2037 6510
2038 6517
2039 6524
2040 6531
2041 6538
2042 6545
2043 6551
2044 6558
2045 6565
2046 6572
2047 6579
2048 6586
2049 6593
2050 6599
2051 6606
2052 6613
2053 6620
2054 6627
2055 6634
2056 6640
2057 6647
2058 6654
2059 6661
2060 6668
2061 6675
2062 6682
2063 6689
2064 6696
2065 6703
2066 6710
2067 6717
2068 6723
2069 6730
2070 6737
2071 6744
2072 6751
2073 6758
2074 6765
2075 6772
2076 6779
2077 6786
2078 6793
2079 6800
2080 6807
2081 6814
2082 6821
2083 6828
2084 6835
2085 6842
2086 6849
2087 6856
2088 6863
2089 6870
2090 6878
2091 6885
2092 6892
2093 6899
2094 6906
2095 6913
2096 6920
2097 6927
2098 6934
2099 6942
2100 6949
2101 6956
2102 6963
2103 6970
2104 6977
2105 6984
2106 6991
2107 6999
2108 7006
2109 7013
2110 7020
2111 7028
2112 7035
2113 7042
2114 7049
2115 7057
2116 7064
2117 7071
2118 7078
2119 7085
2120 7093
2121 7100
2122 7107
2123 7115
2124 7122
2125 7129
2126 7136
2127 7144
2128 7151
2129 7159
2130 7166
2131 7173
2132 7180
2133 7188
2134 7195
2135 7202
2136 7209
2137 7217
2138 7224
2139 7231
2140 7239
2141 7246
2142 7253
2143 7261
2144 7268
2145 7276
2146 7284
2147 7291
2148 7299
2149 7306
2150 7314
2151 7321
2152 7328
2153 7336
2154 7343
2155 7351
2156 7358
2157 7366
2158 7373
2159 7381
2160 7389
2161 7396
2162 7403
2163 7411
2164 7418
2165 7426
2166 7433
2167 7441
2168 7448
2169 7456
2170 7463
2171 7470
2172 7478
2173 7485
2174 7493
2175 7500
2176 7507
2177 7515
2178 7522
2179 7530
2180 7537
2181 7544
2182 7552
2183 7559
2184 7566
2185 7574
2186 7581
2187 7589
2188 7596
2189 7604
2190 7611
2191 7619
2192 7626
2193 7634
2194 7641
2195 7649
2196 7656
2197 7663
2198 7671
2199 7679
2200 7686
2201 7694
2202 7701
2203 7709
2204 7716
2205 7724
2206 7731
2207 7739
2208 7746
2209 7754
2210 7761
2211 7769
2212 7776
2213 7784
2214 7792
2215 7799
2216 7807
2217 7814
2218 7822
2219 7829
2220 7837
2221 7844
2222 7852
2223 7860
2224 7867
2225 7875
2226 7883
2227 7891
2228 7899
2229 7906
2230 7914
2231 7922
2232 7929
2233 7937
2234 7945
2235 7952
2236 7960
2237 7968
2238 7976
2239 7984
2240 7991
2241 7999
2242 8007
2243 8015
2244 8023
2245 8031
2246 8038
2247 8046
2248 8054
2249 8062
2250 8070
2251 8078
2252 8086
2253 8093
2254 8101
2255 8109
2256 8117
2257 8125
2258 8133
2259 8141
2260 8149
2261 8157
2262 8165
2263 8173
2264 8180
2265 8188
2266 8196
2267 8205
2268 8213
2269 8221
2270 8229
2271 8237
2272 8245
2273 8252
2274 8260
2275 8268
2276 8276
2277 8284
2278 8292
2279 8300
2280 8308
2281 8316
2282 8324
2283 8332
2284 8339
2285 8347
2286 8355
2287 8363
2288 8371
2289 8379
2290 8388
2291 8396
2292 8403
2293 8411
2294 8420
2295 8428
2296 8436
2297 8444
2298 8452
2299 8460
2300 8468
2301 8476
2302 8484
2303 8492
2304 8500
2305 8508
2306 8516
2307 8524
2308 8532
2309 8540
2310 8548
2311 8556
2312 8564
2313 8572
2314 8580
2315 8588
2316 8596
2317 8604
2318 8612
2319 8621
2320 8628
2321 8637
2322 8645
2323 8653
2324 8661
2325 8669
2326 8677
2327 8685
2328 8693
2329 8701
2330 8709
2331 8718
2332 8726
2333 8734
2334 8742
2335 8750
2336 8758
2337 8766
2338 8774
2339 8782
2340 8791
2341 8799
2342 8807
2343 8815
2344 8823
2345 8831
2346 8839
2347 8848
2348 8856
2349 8864
2350 8873
2351 8881
2352 8889
2353 8897
2354 8906
2355 8914
2356 8923
2357 8931
2358 8939
2359 8948
2360 8956
2361 8965
2362 8974
2363 8982
2364 8991
2365 9000
2366 9008
2367 9017
2368 9026
2369 9035
2370 9043
2371 9051
2372 9060
2373 9068
2374 9076
2375 9085
2376 9093
2377 9102
2378 9110
2379 9118
2380 9127
2381 9135
2382 9144
2383 9152
2384 9160
2385 9169
2386 9177
2387 9186
2388 9194
2389 9203
2390 9211
2391 9220
2392 9228
2393 9236
2394 9245
2395 9253
2396 9262
2397 9270
2398 9279
2399 9287
2400 9296
2401 9304
2402 9313
2403 9321
2404 9330
2405 9338
2406 9347
2407 9355
2408 9364
2409 9372
2410 9381
2411 9390
2412 9398
2413 9407
2414 9415
2415 9424
2416 9432
2417 9441
2418 9449
2419 9458
2420 9466
2421 9475
2422 9483
2423 9492
2424 9501
2425 9509
2426 9518
2427 9526
2428 9535
2429 9543
2430 9552
2431 9561
2432 9569
2433 9578
2434 9586
2435 9595
2436 9603
2437 9612
2438 9621
2439 9630
2440 9639
2441 9647
2442 9656
2443 9665
2444 9674
2445 9682
2446 9691
2447 9700
2448 9709
2449 9717
2450 9726
2451 9735
2452 9744
2453 9752
2454 9761
2455 9769
2456 9778
2457 9787
2458 9795
2459 9804
2460 9813
2461 9822
2462 9830
2463 9839
2464 9847
2465 9856
2466 9865
2467 9873
2468 9882
2469 9891
2470 9899
2471 9908
2472 9917
2473 9926
2474 9934
2475 9943
2476 9952
2477 9960
2478 9969
2479 9978
2480 9987
2481 9995
2482 10004
2483 10012
2484 10021
2485 10029
2486 10038
2487 10046
2488 10055
2489 10064
2490 10072
2491 10081
2492 10090
2493 10099
2494 10107
2495 10116
2496 10125
2497 10133
2498 10142
2499 10151
2500 10160
2501 10169
2502 10178
2503 10186
2504 10195
2505 10204
2506 10213
2507 10222
2508 10230
2509 10239
2510 10248
2511 10257
2512 10265
2513 10274
2514 10283
2515 10292
2516 10300
2517 10309
2518 10318
2519 10326
2520 10335
2521 10344
2522 10352
2523 10361
2524 10370
2525 10379
2526 10387
2527 10396
2528 10405
2529 10414
2530 10422
2531 10431
2532 10440
2533 10448
2534 10457
2535 10466
2536 10475
2537 10483
2538 10492
2539 10501
2540 10510
2541 10518
2542 10527
2543 10536
2544 10544
2545 10553
2546 10562
2547 10571
2548 10580
2549 10588
2550 10597
2551 10606
2552 10615
2553 10624
2554 10632
2555 10642
2556 10651
2557 10660
2558 10668
2559 10677
2560 10686
2561 10695
2562 10704
2563 10712
2564 10721
2565 10730
2566 10739
2567 10748
2568 10757
2569 10766
2570 10775
2571 10784
2572 10792
2573 10801
2574 10810
2575 10819
2576 10828
2577 10837
2578 10846
2579 10854
2580 10863
2581 10872
2582 10881
2583 10890
2584 10899
2585 10908
2586 10917
2587 10926
2588 10935
2589 10943
2590 10952
2591 10961
2592 10970
2593 10979
2594 10988
2595 10997
2596 11006
2597 11015
2598 11024
2599 11033
2600 11042
2601 11051
2602 11060
2603 11069
2604 11078
2605 11087
2606 11096
2607 11105
2608 11114
2609 11123
2610 11132
2611 11142
2612 11151
2613 11160
2614 11170
2615 11179
2616 11188
2617 11197
2618 11207
2619 11216
2620 11225
2621 11235
2622 11244
2623 11253
2624 11263
2625 11272
2626 11282
2627 11291
2628 11301
2629 11310
2630 11320
2631 11329
2632 11339
2633 11348
2634 11358
2635 11367
2636 11377
2637 11387
2638 11396
2639 11405
2640 11414
2641 11423
2642 11433
2643 11443
2644 11452
2645 11462
2646 11472
2647 11482
2648 11491
2649 11501
2650 11511
2651 11521
2652 11530
2653 11540
2654 11550
2655 11560
2656 11570
2657 11579
2658 11589
2659 11599
2660 11609
2661 11619
2662 11629
2663 11639
2664 11648
2665 11658
2666 11668
2667 11678
2668 11688
2669 11698
2670 11708
2671 11718
2672 11728
2673 11738
2674 11747
2675 11757
2676 11767
2677 11777
2678 11787
2679 11796
2680 11806
2681 11816
2682 11826
2683 11835
2684 11845
2685 11855
2686 11865
2687 11875
2688 11885
2689 11895
2690 11905
2691 11915
2692 11924
2693 11934
2694 11944
2695 11954
2696 11964
2697 11974
2698 11984
2699 11993
2700 12003
2701 12013
2702 12023
2703 12033
2704 12043
2705 12053
2706 12063
2707 12072
2708 12082
2709 12092
2710 12101
2711 12111
2712 12121
2713 12131
2714 12141
2715 12150
2716 12160
2717 12170
2718 12180
2719 12190
2720 12200
2721 12210
2722 12220
2723 12230
2724 12240
2725 12250
2726 12260
2727 12270
2728 12280
2729 12290
2730 12299
2731 12309
2732 12319
2733 12329
2734 12339
2735 12349
2736 12359
2737 12369
2738 12380
2739 12390
2740 12400
2741 12410
2742 12420
2743 12430
2744 12440
2745 12450
2746 12460
2747 12470
2748 12480
2749 12490
2750 12500
2751 12511
2752 12521
2753 12531
2754 12541
2755 12551
2756 12561
2757 12572
2758 12582
2759 12592
2760 12602
2761 12612
2762 12622
2763 12632
2764 12643
2765 12653
2766 12663
2767 12673
2768 12683
2769 12693
2770 12704
2771 12714
2772 12724
2773 12737
2774 12748
2775 12758
2776 12769
2777 12779
2778 12790
2779 12801
2780 12811
2781 12822
2782 12832
2783 12843
2784 12853
2785 12864
2786 12874
2787 12885
2788 12895
2789 12906
2790 12917
2791 12927
2792 12938
2793 12949
2794 12959
2795 12970
2796 12981
2797 12991
2798 13002
2799 13013
2800 13023
2801 13034
2802 13045
2803 13056
2804 13067
2805 13078
2806 13089
2807 13100
2808 13111
2809 13122
2810 13133
2811 13144
2812 13155
2813 13165
2814 13176
2815 13187
2816 13197
2817 13208
2818 13218
2819 13229
2820 13239
2821 13250
2822 13260
2823 13271
2824 13282
2825 13292
2826 13303
2827 13313
2828 13324
2829 13334
2830 13345
2831 13355
2832 13365
2833 13376
2834 13386
2835 13397
2836 13407
2837 13417
2838 13427
2839 13438
2840 13448
2841 13458
2842 13469
2843 13479
2844 13490
2845 13500
2846 13510
2847 13521
2848 13531
2849 13541
2850 13551
2851 13562
2852 13572
2853 13583
2854 13593
2855 13604
2856 13614
2857 13624
2858 13635
2859 13646
2860 13656
2861 13666
2862 13677
2863 13687
2864 13698
2865 13709
2866 13719
2867 13730
2868 13740
2869 13751
2870 13761
2871 13772
2872 13782
2873 13792
2874 13803
2875 13813
2876 13824
2877 13834
2878 13845
2879 13855
2880 13866
2881 13877
2882 13887
2883 13898
2884 13908
2885 13919
2886 13929
2887 13940
2888 13950
2889 13961
2890 13972
2891 13982
2892 13993
2893 14003
2894 14014
2895 14024
2896 14035
2897 14045
2898 14056
2899 14067
2900 14077
2901 14088
2902 14098
2903 14109
2904 14119
2905 14130
2906 14141
2907 14152
2908 14162
2909 14173
2910 14183
2911 14194
2912 14205
2913 14216
2914 14226
2915 14237
2916 14247
2917 14258
2918 14269
2919 14280
2920 14290
2921 14301
2922 14312
2923 14322
2924 14333
2925 14344
2926 14354
2927 14365
2928 14376
2929 14387
2930 14397
2931 14408
2932 14419
2933 14430
2934 14441
2935 14452
2936 14463
2937 14474
2938 14485
2939 14496
2940 14507
2941 14518
2942 14529
2943 14540
2944 14551
2945 14562
2946 14572
2947 14583
2948 14595
2949 14606
2950 14617
2951 14628
2952 14639
2953 14650
2954 14661
2955 14672
2956 14683
2957 14694
2958 14705
2959 14716
2960 14727
2961 14739
2962 14750
2963 14761
2964 14772
2965 14783
2966 14794
2967 14804
2968 14815
2969 14826
2970 14837
2971 14848
2972 14859
2973 14870
2974 14881
2975 14892
2976 14903
2977 14914
2978 14925
2979 14936
2980 14947
2981 14958
2982 14969
2983 14980
2984 14991
2985 15003
2986 15014
2987 15025
2988 15036
2989 15047
2990 15058
2991 15069
2992 15080
2993 15091
2994 15102
2995 15113
2996 15124
2997 15135
2998 15146
2999 15157
3000 15168
3001 15179
3002 15190
3003 15202
3004 15213
3005 15224
3006 15235
3007 15246
3008 15257
3009 15268
3010 15279
3011 15290
3012 15302
3013 15313
3014 15324
3015 15336
3016 15347
3017 15358
3018 15369
3019 15381
3020 15392
3021 15403
3022 15415
3023 15426
3024 15438
3025 15449
3026 15461
3027 15472
3028 15484
3029 15495
3030 15507
3031 15518
3032 15530
3033 15541
3034 15553
3035 15564
3036 15576
3037 15587
3038 15599
3039 15610
3040 15621
3041 15633
3042 15644
3043 15655
3044 15666
3045 15678
3046 15689
3047 15700
3048 15712
3049 15723
3050 15734
3051 15746
3052 15757
3053 15769
3054 15780
3055 15791
3056 15803
3057 15814
3058 15825
3059 15837
3060 15848
3061 15859
3062 15871
3063 15882
3064 15893
3065 15905
3066 15916
3067 15928
3068 15939
3069 15950
3070 15962
3071 15973
3072 15984
3073 15996
3074 16007
3075 16019
3076 16030
3077 16042
3078 16053
3079 16065
3080 16076
3081 16088
3082 16100
3083 16111
3084 16123
3085 16135
3086 16146
3087 16158
3088 16170
3089 16181
3090 16193
3091 16205
3092 16216
3093 16228
3094 16240
3095 16251
3096 16263
3097 16275
3098 16286
3099 16298
3100 16310
3101 16321
3102 16333
3103 16345
3104 16356
3105 16368
3106 16380
3107 16392
3108 16403
3109 16415
3110 16427
3111 16439
3112 16451
3113 16463
3114 16475
3115 16486
3116 16498
3117 16510
3118 16522
3119 16534
3120 16546
3121 16558
3122 16570
3123 16582
3124 16594
3125 16606
3126 16618
3127 16630
3128 16642
3129 16654
3130 16666
3131 16678
3132 16690
3133 16702
3134 16714
3135 16726
3136 16738
3137 16750
3138 16763
3139 16775
3140 16787
3141 16799
3142 16811
3143 16823
3144 16835
3145 16847
3146 16859
3147 16871
3148 16883
3149 16896
3150 16908
3151 16921
3152 16934
3153 16946
3154 16959
3155 16972
3156 16985
3157 16997
3158 17009
3159 17021
3160 17034
3161 17046
3162 17057
3163 17069
3164 17081
3165 17093
3166 17105
3167 17117
3168 17129
3169 17141
3170 17153
3171 17165
3172 17177
3173 17188
3174 17200
3175 17212
3176 17224
3177 17236
3178 17248
3179 17260
3180 17272
3181 17284
3182 17296
3183 17308
3184 17320
3185 17332
3186 17344
3187 17356
3188 17368
3189 17380
3190 17392
3191 17404
3192 17417
3193 17429
3194 17441
3195 17453
3196 17465
3197 17477
3198 17489
3199 17501
3200 17513
3201 17525
3202 17537
3203 17550
3204 17562
3205 17574
3206 17586
3207 17598
3208 17610
3209 17623
3210 17635
3211 17647
3212 17659
3213 17671
3214 17684
3215 17696
3216 17708
3217 17720
3218 17732
3219 17745
3220 17757
3221 17769
3222 17781
3223 17794
3224 17806
3225 17818
3226 17830
3227 17843
3228 17855
3229 17868
3230 17880
3231 17892
3232 17904
3233 17917
3234 17929
3235 17941
3236 17954
3237 17967
3238 17979
3239 17991
3240 18004
3241 18016
3242 18029
3243 18041
3244 18053
3245 18066
3246 18079
3247 18091
3248 18104
3249 18116
3250 18129
3251 18141
3252 18154
3253 18166
3254 18179
3255 18191
3256 18204
3257 18216
3258 18229
3259 18241
3260 18254
3261 18267
3262 18279
3263 18292
3264 18305
3265 18317
3266 18330
3267 18342
3268 18355
3269 18368
3270 18380
3271 18393
3272 18406
3273 18419
3274 18432
3275 18445
3276 18458
3277 18471
3278 18484
3279 18497
3280 18511
3281 18524
3282 18537
3283 18550
3284 18564
3285 18577
3286 18590
3287 18603
3288 18617
3289 18630
3290 18643
3291 18656
3292 18669
3293 18682
3294 18696
3295 18709
3296 18722
3297 18736
3298 18749
3299 18762
3300 18775
3301 18789
3302 18802
3303 18815
3304 18829
3305 18842
3306 18855
3307 18868
3308 18882
3309 18895
3310 18909
3311 18922
3312 18935
3313 18949
3314 18962
3315 18975
3316 18989
3317 19002
3318 19016
3319 19029
3320 19043
3321 19056
3322 19069
3323 19083
3324 19096
3325 19110
3326 19123
3327 19137
3328 19150
3329 19163
3330 19176
3331 19189
3332 19203
3333 19216
3334 19229
3335 19242
3336 19255
3337 19268
3338 19281
3339 19295
3340 19308
3341 19321
3342 19334
3343 19347
3344 19361
3345 19374
3346 19388
3347 19401
3348 19414
3349 19428
3350 19441
3351 19455
3352 19468
3353 19482
3354 19495
3355 19509
3356 19523
3357 19536
3358 19550
3359 19563
3360 19577
3361 19591
3362 19604
3363 19618
3364 19632
3365 19645
3366 19659
3367 19673
3368 19686
3369 19700
3370 19714
3371 19727
3372 19741
3373 19755
3374 19769
3375 19782
3376 19796
3377 19810
3378 19824
3379 19837
3380 19851
3381 19865
3382 19879
3383 19893
3384 19907
3385 19920
3386 19934
3387 19948
3388 19962
3389 19976
3390 19989
3391 20003
3392 20017
3393 20030
3394 20044
3395 20057
3396 20071
3397 20085
3398 20098
3399 20112
3400 20125
3401 20139
3402 20152
3403 20166
3404 20180
3405 20194
3406 20207
3407 20221
3408 20235
3409 20248
3410 20262
3411 20276
3412 20289
3413 20303
3414 20316
3415 20330
3416 20344
3417 20357
3418 20370
3419 20384
3420 20397
3421 20410
3422 20424
3423 20437
3424 20450
3425 20464
3426 20477
3427 20491
3428 20505
3429 20519
3430 20532
3431 20546
3432 20559
3433 20573
3434 20587
3435 20600
3436 20614
3437 20627
3438 20641
3439 20654
3440 20668
3441 20681
3442 20695
3443 20708
3444 20721
3445 20735
3446 20748
3447 20762
3448 20775
3449 20789
3450 20803
3451 20817
3452 20831
3453 20845
3454 20858
3455 20872
3456 20886
3457 20900
3458 20913
3459 20927
3460 20941
3461 20955
3462 20969
3463 20983
3464 20997
3465 21010
3466 21024
3467 21038
3468 21052
3469 21065
3470 21079
3471 21092
3472 21106
3473 21120
3474 21133
3475 21147
3476 21160
3477 21174
3478 21188
3479 21201
3480 21215
3481 21229
3482 21243
3483 21256
3484 21270
3485 21284
3486 21298
3487 21311
3488 21325
3489 21339
3490 21352
3491 21366
3492 21380
3493 21393
3494 21407
3495 21421
3496 21435
3497 21449
3498 21463
3499 21477
3500 21491
3501 21505
3502 21519
3503 21533
3504 21547
3505 21561
3506 21576
3507 21589
3508 21604
3509 21618
3510 21632
3511 21646
3512 21660
3513 21674
3514 21689
3515 21703
3516 21717
3517 21731
3518 21746
3519 21760
3520 21774
3521 21788
3522 21802
3523 21816
3524 21830
3525 21845
3526 21859
3527 21873
3528 21887
3529 21901
3530 21916
3531 21930
3532 21944
3533 21958
3534 21973
3535 21987
3536 22001
3537 22015
3538 22030
3539 22044
3540 22058
3541 22072
3542 22087
3543 22102
3544 22116
3545 22130
3546 22145
3547 22159
3548 22174
3549 22188
3550 22203
3551 22217
3552 22232
3553 22246
3554 22261
3555 22275
3556 22289
3557 22304
3558 22319
3559 22333
3560 22348
3561 22364
3562 22378
3563 22393
3564 22408
3565 22422
3566 22437
3567 22452
3568 22467
3569 22481
3570 22496
3571 22511
3572 22526
3573 22541
3574 22556
3575 22570
3576 22585
3577 22600
3578 22615
3579 22630
3580 22645
3581 22659
3582 22674
3583 22689
3584 22704
3585 22719
3586 22734
3587 22749
3588 22763
3589 22778
3590 22793
3591 22808
3592 22823
3593 22838
3594 22852
3595 22867
3596 22882
3597 22897
3598 22912
3599 22926
3600 22941
3601 22956
3602 22971
3603 22986
3604 23001
3605 23016
3606 23030
3607 23045
3608 23060
3609 23075
3610 23090
3611 23105
3612 23120
3613 23135
3614 23150
3615 23165
3616 23180
3617 23195
3618 23210
3619 23225
3620 23240
3621 23255
3622 23270
3623 23285
3624 23300
3625 23315
3626 23330
3627 23345
3628 23360
3629 23375
3630 23391
3631 23406
3632 23421
3633 23436
3634 23451
3635 23467
3636 23482
3637 23497
3638 23513
3639 23528
3640 23543
3641 23558
3642 23573
3643 23588
3644 23603
3645 23618
3646 23633
3647 23648
3648 23663
3649 23678
3650 23693
3651 23708
3652 23723
3653 23737
3654 23752
3655 23767
3656 23782
3657 23797
3658 23812
3659 23827
3660 23842
3661 23857
3662 23872
3663 23887
3664 23902
3665 23917
3666 23932
3667 23947
3668 23962
3669 23977
3670 23992
3671 24008
3672 24023
3673 24039
3674 24054
3675 24069
3676 24085
3677 24100
3678 24116
3679 24131
3680 24147
3681 24162
3682 24178
3683 24193
3684 24209
3685 24224
3686 24239
3687 24254
3688 24270
3689 24285
3690 24301
3691 24316
3692 24331
3693 24347
3694 24362
3695 24378
3696 24393
3697 24409
3698 24424
3699 24440
3700 24456
3701 24472
3702 24487
3703 24503
3704 24518
3705 24533
3706 24549
3707 24564
3708 24580
3709 24595
3710 24611
3711 24626
3712 24641
3713 24657
3714 24673
3715 24688
3716 24703
3717 24718
3718 24734
3719 24749
3720 24764
3721 24779
3722 24795
3723 24810
3724 24825
3725 24841
3726 24856
3727 24872
3728 24887
3729 24903
3730 24918
3731 24934
3732 24949
3733 24965
3734 24980
3735 24996
3736 25011
3737 25027
3738 25042
3739 25057
3740 25072
3741 25088
3742 25103
3743 25119
3744 25134
3745 25149
3746 25165
3747 25180
3748 25196
3749 25211
3750 25227
3751 25242
3752 25258
3753 25274
3754 25289
3755 25305
3756 25320
3757 25336
3758 25352
3759 25367
3760 25383
3761 25398
3762 25414
3763 25429
3764 25445
3765 25460
3766 25476
3767 25491
3768 25507
3769 25522
3770 25538
3771 25553
3772 25569
3773 25585
3774 25601
3775 25617
3776 25632
3777 25648
3778 25664
3779 25679
3780 25695
3781 25711
3782 25727
3783 25742
3784 25758
3785 25774
3786 25790
3787 25806
3788 25822
3789 25838
3790 25854
3791 25870
3792 25886
3793 25902
3794 25918
3795 25934
3796 25950
3797 25966
3798 25982
3799 25998
3800 26014
3801 26030
3802 26046
3803 26062
3804 26078
3805 26094
3806 26110
3807 26126
3808 26142
3809 26158
3810 26174
3811 26190
3812 26207
3813 26223
3814 26239
3815 26255
3816 26271
3817 26287
3818 26303
3819 26319
3820 26335
3821 26351
3822 26367
3823 26384
3824 26400
3825 26416
3826 26432
3827 26448
3828 26464
3829 26480
3830 26496
3831 26513
3832 26529
3833 26545
3834 26561
3835 26577
3836 26594
3837 26610
3838 26626
3839 26642
3840 26658
3841 26675
3842 26691
3843 26707
3844 26724
3845 26740
3846 26757
3847 26773
3848 26789
3849 26805
3850 26822
3851 26838
3852 26854
3853 26870
3854 26887
3855 26903
3856 26920
3857 26936
3858 26952
3859 26969
3860 26985
3861 27001
3862 27018
3863 27034
3864 27051
3865 27067
3866 27083
3867 27100
3868 27116
3869 27132
3870 27149
3871 27165
3872 27182
3873 27198
3874 27214
3875 27231
3876 27247
3877 27263
3878 27280
3879 27296
3880 27313
3881 27330
3882 27346
3883 27363
3884 27379
3885 27396
3886 27412
3887 27429
3888 27446
3889 27462
3890 27479
3891 27495
3892 27512
3893 27528
3894 27545
3895 27562
3896 27579
3897 27595
3898 27612
3899 27628
3900 27645
3901 27662
3902 27678
3903 27695
3904 27712
3905 27729
3906 27746
3907 27762
3908 27779
3909 27796
3910 27812
3911 27829
3912 27846
3913 27863
3914 27880
3915 27896
3916 27913
3917 27930
3918 27947
3919 27963
3920 27980
3921 27997
3922 28013
3923 28030
3924 28047
3925 28064
3926 28081
3927 28098
3928 28114
3929 28131
3930 28148
3931 28165
3932 28182
3933 28198
3934 28215
3935 28232
3936 28249
3937 28266
3938 28283
3939 28300
3940 28317
3941 28334
3942 28351
3943 28368
3944 28385
3945 28402
3946 28419
3947 28436
3948 28453
3949 28470
3950 28487
3951 28504
3952 28521
3953 28538
3954 28555
3955 28572
3956 28589
3957 28606
3958 28623
3959 28641
3960 28658
3961 28675
3962 28692
3963 28709
3964 28726
3965 28743
3966 28760
3967 28777
3968 28794
3969 28811
3970 28828
3971 28845
3972 28862
3973 28878
3974 28895
3975 28912
3976 28929
3977 28945
3978 28963
3979 28980
3980 28997
3981 29013
3982 29030
3983 29047
3984 29064
3985 29081
3986 29097
3987 29115
3988 29132
3989 29148
3990 29165
3991 29182
3992 29199
3993 29216
3994 29232
3995 29249
3996 29266
3997 29283
3998 29300
3999 29317
4000 29334
4001 29350
4002 29367
4003 29384
4004 29401
4005 29418
4006 29435
4007 29452
4008 29470
4009 29487
4010 29505
4011 29522
4012 29540
4013 29557
4014 29574
4015 29591
4016 29609
4017 29626
4018 29643
4019 29660
4020 29678
4021 29695
4022 29712
4023 29730
4024 29747
4025 29764
4026 29782
4027 29799
4028 29817
4029 29834
4030 29851
4031 29869
4032 29886
4033 29903
4034 29921
4035 29938
4036 29956
4037 29973
4038 29991
4039 30008
4040 30026
4041 30043
4042 30060
4043 30078
4044 30095
4045 30113
4046 30130
4047 30148
4048 30165
4049 30182
4050 30200
4051 30217
4052 30235
4053 30252
4054 30270
4055 30287
4056 30305
4057 30323
4058 30340
4059 30358
4060 30376
4061 30393
4062 30411
4063 30428
4064 30446
4065 30463
4066 30481
4067 30498
4068 30516
4069 30533
4070 30551
4071 30569
4072 30587
4073 30604
4074 30622
4075 30639
4076 30657
4077 30675
4078 30692
4079 30710
4080 30728
4081 30745
4082 30763
4083 30781
4084 30799
4085 30816
4086 30834
4087 30852
4088 30870
4089 30887
4090 30905
4091 30923
4092 30941
4093 30958
4094 30976
4095 30994
4096 31011
4097 31029
4098 31047
4099 31064
4100 31082
4101 31100
4102 31118
4103 31136
4104 31154
4105 31171
4106 31189
4107 31207
4108 31225
4109 31243
4110 31261
4111 31279
4112 31296
4113 31314
4114 31331
4115 31348
4116 31366
4117 31384
4118 31401
4119 31419
4120 31436
4121 31454
4122 31472
4123 31490
4124 31508
4125 31526
4126 31544
4127 31562
4128 31580
4129 31598
4130 31616
4131 31634
4132 31652
4133 31670
4134 31688
4135 31706
4136 31724
4137 31742
4138 31760
4139 31778
4140 31796
4141 31814
4142 31832
4143 31850
4144 31868
4145 31886
4146 31904
4147 31923
4148 31942
4149 31961
4150 31981
4151 31999
4152 32018
4153 32036
4154 32054
4155 32073
4156 32092
4157 32110
4158 32128
4159 32147
4160 32165
4161 32183
4162 32201
4163 32220
4164 32238
4165 32256
4166 32274
4167 32292
4168 32310
4169 32328
4170 32346
4171 32365
4172 32383
4173 32402
4174 32420
4175 32439
4176 32456
4177 32474
4178 32492
4179 32511
4180 32529
4181 32547
4182 32565
4183 32583
4184 32601
4185 32620
4186 32638
4187 32656
4188 32675
4189 32693
4190 32711
4191 32729
4192 32747
4193 32766
4194 32784
4195 32802
4196 32821
4197 32839
4198 32857
4199 32876
4200 32894
4201 32912
4202 32931
4203 32949
4204 32968
4205 32986
4206 33004
4207 33023
4208 33041
4209 33059
4210 33078
4211 33096
4212 33114
4213 33133
4214 33151
4215 33169
4216 33188
4217 33206
4218 33225
4219 33243
4220 33262
4221 33280
4222 33299
4223 33317
4224 33336
4225 33355
4226 33373
4227 33392
4228 33411
4229 33429
4230 33448
4231 33466
4232 33485
4233 33503
4234 33522
4235 33540
4236 33559
4237 33577
4238 33596
4239 33614
4240 33633
4241 33651
4242 33671
4243 33689
4244 33708
4245 33726
4246 33745
4247 33764
4248 33783
4249 33801
4250 33820
4251 33839
4252 33858
4253 33877
4254 33896
4255 33915
4256 33933
4257 33952
4258 33970
4259 33989
4260 34008
4261 34027
4262 34045
4263 34064
4264 34083
4265 34101
4266 34120
4267 34139
4268 34158
4269 34177
4270 34196
4271 34214
4272 34234
4273 34253
4274 34272
4275 34291
4276 34310
4277 34329
4278 34348
4279 34367
4280 34386
4281 34405
4282 34424
4283 34443
4284 34462
4285 34481
4286 34500
4287 34519
4288 34538
4289 34557
4290 34576
4291 34595
4292 34614
4293 34633
4294 34652
4295 34670
4296 34690
4297 34709
4298 34728
4299 34747
4300 34766
4301 34785
4302 34804
4303 34823
4304 34842
4305 34861
4306 34880
4307 34898
4308 34917
4309 34936
4310 34955
4311 34973
4312 34992
4313 35011
4314 35029
4315 35048
4316 35067
4317 35085
4318 35104
4319 35123
4320 35142
4321 35160
4322 35179
4323 35198
4324 35217
4325 35236
4326 35254
4327 35273
4328 35292
4329 35311
4330 35329
4331 35348
4332 35367
4333 35386
4334 35404
4335 35423
4336 35442
4337 35461
4338 35479
4339 35498
4340 35517
4341 35536
4342 35554
4343 35573
4344 35592
4345 35611
4346 35630
4347 35649
4348 35668
4349 35687
4350 35706
4351 35724
4352 35743
4353 35762
4354 35781
4355 35800
4356 35819
4357 35838
4358 35857
4359 35875
4360 35894
4361 35913
4362 35932
4363 35951
4364 35970
4365 35988
4366 36007
4367 36026
4368 36045
4369 36064
4370 36083
4371 36103
4372 36122
4373 36141
4374 36160
4375 36178
4376 36197
4377 36216
4378 36235
4379 36254
4380 36273
4381 36292
4382 36311
4383 36330
4384 36349
4385 36368
4386 36387
4387 36406
4388 36425
4389 36444
4390 36463
4391 36483
4392 36502
4393 36521
4394 36540
4395 36559
4396 36579
4397 36598
4398 36617
4399 36636
4400 36655
4401 36674
4402 36693
4403 36712
4404 36731
4405 36751
4406 36770
4407 36789
4408 36808
4409 36827
4410 36846
4411 36865
4412 36885
4413 36904
4414 36923
4415 36942
4416 36962
4417 36981
4418 37000
4419 37020
4420 37039
4421 37058
4422 37078
4423 37097
4424 37116
4425 37135
4426 37155
4427 37174
4428 37193
4429 37212
4430 37231
4431 37251
4432 37270
4433 37289
4434 37309
4435 37329
4436 37348
4437 37367
4438 37387
4439 37406
4440 37426
4441 37446
4442 37465
4443 37485
4444 37505
4445 37525
4446 37545
4447 37565
4448 37584
4449 37604
4450 37624
4451 37644
4452 37663
4453 37683
4454 37703
4455 37723
4456 37743
4457 37763
4458 37783
4459 37802
4460 37823
4461 37842
4462 37862
4463 37883
4464 37903
4465 37923
4466 37943
4467 37963
4468 37983
4469 38003
4470 38023
4471 38043
4472 38064
4473 38084
4474 38103
4475 38123
4476 38143
4477 38163
4478 38183
4479 38203
4480 38223
4481 38243
4482 38263
4483 38283
4484 38303
4485 38323
4486 38343
4487 38363
4488 38384
4489 38404
4490 38424
4491 38444
4492 38464
4493 38484
4494 38504
4495 38524
4496 38544
4497 38564
4498 38584
4499 38604
4500 38624
4501 38645
4502 38665
4503 38685
4504 38705
4505 38725
4506 38746
4507 38766
4508 38786
4509 38806
4510 38826
4511 38846
4512 38867
4513 38887
4514 38907
4515 38928
4516 38948
4517 38968
4518 38988
4519 39008
4520 39029
4521 39049
4522 39069
4523 39089
4524 39109
4525 39129
4526 39150
4527 39170
4528 39190
4529 39210
4530 39231
4531 39251
4532 39272
4533 39292
4534 39311
4535 39332
4536 39352
4537 39371
4538 39392
4539 39412
4540 39433
4541 39453
4542 39472
4543 39492
4544 39512
4545 39532
4546 39552
4547 39572
4548 39592
4549 39612
4550 39632
4551 39652
4552 39673
4553 39693
4554 39713
4555 39733
4556 39753
4557 39773
4558 39793
4559 39813
4560 39834
4561 39854
4562 39874
4563 39894
4564 39914
4565 39935
4566 39955
4567 39975
4568 39995
4569 40015
4570 40035
4571 40056
4572 40076
4573 40096
4574 40116
4575 40136
4576 40156
4577 40176
4578 40196
4579 40216
4580 40236
4581 40256
4582 40277
4583 40297
4584 40317
4585 40338
4586 40358
4587 40378
4588 40398
4589 40418
4590 40439
4591 40459
4592 40479
4593 40500
4594 40520
4595 40540
4596 40560
4597 40580
4598 40600
4599 40621
4600 40641
4601 40661
4602 40681
4603 40702
4604 40722
4605 40742
4606 40762
4607 40782
4608 40803
4609 40823
4610 40844
4611 40864
4612 40885
4613 40905
4614 40926
4615 40946
4616 40967
4617 40987
4618 41008
4619 41028
4620 41049
4621 41069
4622 41090
4623 41110
4624 41130
4625 41151
4626 41171
4627 41192
4628 41212
4629 41233
4630 41253
4631 41273
4632 41294
4633 41315
4634 41335
4635 41356
4636 41376
4637 41397
4638 41417
4639 41438
4640 41459
4641 41480
4642 41501
4643 41522
4644 41543
4645 41563
4646 41585
4647 41606
4648 41626
4649 41647
4650 41668
4651 41690
4652 41711
4653 41732
4654 41753
4655 41775
4656 41796
4657 41817
4658 41838
4659 41859
4660 41880
4661 41900
4662 41921
4663 41942
4664 41963
4665 41984
4666 42005
4667 42026
4668 42047
4669 42068
4670 42089
4671 42110
4672 42131
4673 42151
4674 42172
4675 42192
4676 42213
4677 42234
4678 42255
4679 42276
4680 42297
4681 42318
4682 42339
4683 42360
4684 42382
4685 42403
4686 42424
4687 42446
4688 42467
4689 42488
4690 42509
4691 42530
4692 42552
4693 42573
4694 42594
4695 42615
4696 42636
4697 42657
4698 42678
4699 42700
4700 42721
4701 42743
4702 42764
4703 42786
4704 42807
4705 42829
4706 42850
4707 42871
4708 42892
4709 42914
4710 42935
4711 42957
4712 42978
4713 42999
4714 43020
4715 43042
4716 43063
4717 43084
4718 43105
4719 43127
4720 43148
4721 43170
4722 43191
4723 43212
4724 43234
4725 43255
4726 43276
4727 43298
4728 43319
4729 43341
4730 43362
4731 43383
4732 43405
4733 43426
4734 43448
4735 43470
4736 43491
4737 43513
4738 43535
4739 43557
4740 43578
4741 43600
4742 43621
4743 43642
4744 43664
4745 43685
4746 43707
4747 43728
4748 43750
4749 43772
4750 43794
4751 43815
4752 43837
4753 43858
4754 43880
4755 43901
4756 43923
4757 43944
4758 43966
4759 43988
4760 44009
4761 44031
4762 44052
4763 44075
4764 44096
4765 44118
4766 44140
4767 44162
4768 44184
4769 44206
4770 44227
4771 44249
4772 44271
4773 44293
4774 44315
4775 44336
4776 44358
4777 44380
4778 44402
4779 44423
4780 44445
4781 44467
4782 44489
4783 44511
4784 44533
4785 44555
4786 44577
4787 44599
4788 44620
4789 44642
4790 44664
4791 44686
4792 44707
4793 44729
4794 44751
4795 44773
4796 44796
4797 44818
4798 44840
4799 44862
4800 44883
4801 44905
4802 44927
4803 44949
4804 44971
4805 44993
4806 45015
4807 45037
4808 45058
4809 45080
4810 45102
4811 45123
4812 45145
4813 45167
4814 45189
4815 45211
4816 45233
4817 45255
4818 45277
4819 45299
4820 45321
4821 45343
4822 45365
4823 45387
4824 45410
4825 45432
4826 45454
4827 45476
4828 45498
4829 45520
4830 45542
4831 45564
4832 45587
4833 45609
4834 45631
4835 45653
4836 45675
4837 45697
4838 45719
4839 45741
4840 45763
4841 45786
4842 45808
4843 45830
4844 45852
4845 45874
4846 45897
4847 45919
4848 45941
4849 45964
4850 45986
4851 46009
4852 46031
4853 46053
4854 46075
4855 46098
4856 46120
4857 46142
4858 46164
4859 46186
4860 46208
4861 46230
4862 46253
4863 46276
4864 46298
4865 46320
4866 46342
4867 46364
4868 46386
4869 46408
4870 46430
4871 46452
4872 46475
4873 46497
4874 46519
4875 46542
4876 46564
4877 46586
4878 46609
4879 46631
4880 46653
4881 46675
4882 46698
4883 46720
4884 46742
4885 46764
4886 46787
4887 46809
4888 46831
4889 46853
4890 46876
4891 46898
4892 46921
4893 46944
4894 46967
4895 46990
4896 47012
4897 47034
4898 47057
4899 47079
4900 47101
4901 47123
4902 47145
4903 47168
4904 47190
4905 47212
4906 47235
4907 47258
4908 47280
4909 47302
4910 47324
4911 47347
4912 47369
4913 47391
4914 47414
4915 47436
4916 47458
4917 47480
4918 47503
4919 47525
4920 47548
4921 47570
4922 47592
4923 47614
4924 47637
4925 47659
4926 47682
4927 47704
4928 47726
4929 47749
4930 47771
4931 47793
4932 47816
4933 47838
4934 47861
4935 47883
4936 47906
4937 47928
4938 47951
4939 47973
4940 47996
4941 48018
4942 48040
4943 48063
4944 48085
4945 48108
4946 48130
4947 48152
4948 48175
4949 48197
4950 48220
4951 48242
4952 48265
4953 48288
4954 48311
4955 48333
4956 48356
4957 48379
4958 48402
4959 48424
4960 48446
4961 48469
4962 48492
4963 48515
4964 48537
4965 48560
4966 48583
4967 48606
4968 48629
4969 48652
4970 48674
4971 48697
4972 48720
4973 48743
4974 48766
4975 48789
4976 48812
4977 48834
4978 48857
4979 48880
4980 48903
4981 48927
4982 48949
4983 48972
4984 48995
4985 49018
4986 49041
4987 49064
4988 49087
4989 49109
4990 49132
4991 49155
4992 49178
4993 49201
4994 49224
4995 49246
4996 49269
4997 49292
4998 49315
4999 49338
5000 49361
