1 0
2 0
3 0
4 0
5 0
6 0
7 0
8 0
9 0
10 0
11 0
12 0
13 0
14 0
15 0
16 0
17 0
18 0
19 0
20 0
21 0
22 0
23 0
24 0
25 0
26 0
27 0
28 0
29 0
30 0
31 0
32 0
33 0
34 0
35 0
36 0
37 0
38 1
39 1
40 1
41 1
42 1
43 1
44 1
45 1
46 1
47 1
48 1
49 1
50 1
51 1
52 1
53 1
54 1
55 1
56 1
57 1
58 1
59 2
60 2
61 2
62 2
63 2
64 2
65 2
66 2
67 2
68 2
69 2
70 2
71 2
72 2
73 2
74 2
75 3
76 3
77 3
78 3
79 3
80 3
81 3
82 3
83 3
84 3
85 3
86 3
87 3
88 4
89 4
90 4
91 4
92 4
93 4
94 4
95 4
96 4
97 4
98 4
99 4
100 5
101 5
102 5
103 5
104 5
105 5
106 5
107 5
108 5
109 5
110 5
111 6
112 6
113 6
114 6
115 6
116 6
117 6
118 6
119 6
120 7
121 7
122 7
123 7
124 7
125 7
126 7
127 7
128 7
129 8
130 8
131 8
132 8
133 8
134 8
135 8
136 8
137 8
138 9
139 9
140 9
141 9
142 9
143 9
144 9
145 9
146 10
147 10
148 10
149 10
150 10
151 10
152 10
153 10
154 11
155 11
156 11
157 11
158 11
159 11
160 11
161 12
162 12
163 12
164 12
165 12
166 12
167 12
168 13
169 13
170 13
171 13
172 13
173 13
174 13
175 14
176 14
177 14
178 14
179 14
180 14
181 15
182 15
183 15
184 15
185 15
186 15
187 16
188 16
189 16
190 16
191 16
192 16
193 17
194 17
195 17
196 17
197 17
198 17
199 18
200 18
201 18
202 18
203 18
204 19
205 19
206 19
207 19
208 19
209 19
210 20
211 20
212 20
213 20
214 20
215 21
216 21
217 21
218 21
219 21
220 22
221 22
222 22
223 22
224 22
225 23
226 23
227 23
228 23
229 23
230 24
231 24
232 24
233 24
234 24
235 25
236 25
237 25
238 25
239 25
240 26
241 26
242 26
243 26
244 26
245 27
246 27
247 27
248 27
249 28
250 28
251 28
252 28
253 28
254 29
255 29
256 29
257 29
258 30
259 30
260 30
261 30
262 31
263 31
264 31
265 31
266 32
267 32
268 32
269 32
270 32
271 33
272 33
273 33
274 33
275 34
276 34
277 34
278 34
279 35
280 35
281 35
282 35
283 36
284 36
285 36
286 36
287 37
288 37
289 37
290 37
291 38
292 38
293 38
294 39
295 39
296 39
297 39
298 40
299 40
300 40
301 40
302 41
303 41
304 41
305 42
306 42
307 42
308 42
309 43
310 43
311 43
312 44
313 44
314 44
315 44
316 45
317 45
318 45
319 46
320 46
321 46
322 46
323 47
324 47
325 47
326 48
327 48
328 48
329 48
330 49
331 49
332 49
333 50
334 50
335 50
336 51
337 51
338 51
339 52
340 52
341 52
342 53
343 53
344 53
345 53
346 54
347 54
348 54
349 55
350 55
351 55
352 56
353 56
354 56
355 57
356 57
357 57
358 58
359 58
360 58
361 59
362 59
363 59
364 60
365 60
366 60
367 61
368 61
369 61
370 62
371 62
372 62
373 63
374 63
375 63
376 64
377 64
378 64
379 65
380 65
381 66
382 66
383 66
384 67
385 67
386 67
387 68
388 68
389 68
390 69
391 69
392 69
393 70
394 70
395 71
396 71
397 71
398 72
399 72
400 72
401 73
402 73
403 74
404 74
405 74
406 75
407 75
408 75
409 76
410 76
411 77
412 77
413 77
414 78
415 78
416 78
417 79
418 79
419 80
420 80
421 80
422 81
423 81
424 82
425 82
426 82
427 83
428 83
429 84
430 84
431 84
432 85
433 85
434 86
435 86
436 87
437 87
438 87
439 88
440 88
441 89
442 89
443 89
444 90
445 90
446 91
447 91
448 92
449 92
450 92
451 93
452 93
453 94
454 94
455 94
456 95
457 95
458 96
459 96
460 97
461 97
462 98
463 98
464 98
465 99
466 99
467 100
468 100
469 101
470 101
471 102
472 102
473 102
474 103
475 103
476 104
477 104
478 105
479 105
480 106
481 106
482 107
483 107
484 107
485 108
486 108
487 109
488 109
489 110
490 110
491 111
492 111
493 112
494 112
495 113
496 113
497 114
498 114
499 114
500 115
501 115
502 116
503 116
504 117
505 117
506 118
507 118
508 119
509 119
510 120
511 120
512 121
513 121
514 122
515 122
516 123
517 123
518 124
519 124
520 125
521 125
522 126
523 126
524 127
525 127
526 128
527 128
528 129
529 129
530 130
531 130
532 131
533 131
534 132
535 132
536 133
537 133
538 134
539 134
540 135
541 136
542 136
543 137
544 137
545 138
546 138
547 139
548 139
549 140
550 140
551 141
552 141
553 142
554 142
555 143
556 143
557 144
558 145
559 145
560 146
561 146
562 147
563 147
564 148
565 148
566 149
567 149
568 150
569 151
570 151
571 152
572 152
573 153
574 153
575 154
576 155
577 155
578 156
579 156
580 157
581 157
582 158
583 158
584 159
585 160
586 160
587 161
588 161
589 162
590 162
591 163
592 164
593 164
594 165
595 165
596 166
597 167
598 167
599 168
600 168
601 169
602 169
603 170
604 171
605 171
606 172
607 172
608 173
609 174
610 174
611 175
612 175
613 176
614 177
615 177
616 178
617 178
618 179
619 180
620 180
621 181
622 182
623 182
624 183
625 183
626 184
627 185
628 185
629 186
630 186
631 187
632 188
633 188
634 189
635 190
636 190
637 191
638 191
639 192
640 193
641 193
642 194
643 195
644 195
645 196
646 197
647 197
648 198
649 198
650 199
651 200
652 200
653 201
654 202
655 202
656 203
657 204
658 204
659 205
660 206
661 206
662 207
663 208
664 209
665 209
666 210
667 211
668 211
669 212
670 213
671 213
672 214
673 215
674 215
675 216
676 217
677 217
678 218
679 219
680 220
681 220
682 221
683 222
684 222
685 223
686 224
687 225
688 225
689 226
690 227
691 227
692 228
693 229
694 230
695 230
696 231
697 232
698 232
699 233
700 234
701 235
702 235
703 236
704 237
705 238
706 238
707 239
708 240
709 241
710 241
711 242
712 243
713 244
714 244
715 245
716 246
717 247
718 247
719 248
720 249
721 250
722 250
723 251
724 252
725 253
726 254
727 254
728 255
729 256
730 257
731 257
732 258
733 259
734 260
735 260
736 261
737 262
738 263
739 264
740 264
741 265
742 266
743 267
744 267
745 268
746 269
747 270
748 271
749 271
750 272
751 273
752 274
753 275
754 275
755 276
756 277
757 278
758 279
759 279
760 280
761 281
762 282
763 283
764 284
765 284
766 285
767 286
768 287
769 288
770 288
771 289
772 290
773 291
774 292
775 293
776 293
777 294
778 295
779 296
780 297
781 298
782 298
783 299
784 300
785 301
786 302
787 303
788 304
789 304
790 305
791 306
792 307
793 308
794 309
795 310
796 310
797 311
798 312
799 313
800 314
801 315
802 316
803 316
804 317
805 318
806 319
807 320
808 321
809 322
810 323
811 323
812 324
813 325
814 326
815 327
816 328
817 329
818 330
819 331
820 331
821 332
822 333
823 334
824 335
825 336
826 337
827 338
828 339
829 340
830 340
831 341
832 342
833 343
834 344
835 345
836 346
837 347
838 348
839 349
840 350
841 351
842 352
843 352
844 353
845 354
846 355
847 356
848 357
849 358
850 359
851 360
852 361
853 362
854 363
855 364
856 365
857 366
858 367
859 368
860 369
861 369
862 370
863 371
864 372
865 373
866 374
867 375
868 376
869 377
870 378
871 379
872 380
873 381
874 382
875 383
876 384
877 385
878 386
879 387
880 388
881 389
882 390
883 391
884 392
885 393
886 394
887 395
888 396
889 397
890 398
891 399
892 400
893 401
894 402
895 403
896 404
897 405
898 406
899 407
900 408
901 409
902 410
903 411
904 412
905 413
906 414
907 415
908 416
909 417
910 418
911 419
912 420
913 421
914 422
915 423
916 424
917 425
918 426
919 427
920 428
921 429
922 430
923 431
924 433
925 434
926 435
927 436
928 437
929 438
930 439
931 440
932 441
933 442
934 443
935 444
936 445
937 446
938 447
939 448
940 449
941 451
942 452
943 453
944 454
945 455
946 456
947 457
948 458
949 459
950 460
951 461
952 462
953 463
954 465
955 466
956 467
957 468
958 469
959 470
960 471
961 472
962 473
963 474
964 476
965 477
966 478
967 479
968 480
969 481
970 482
971 483
972 484
973 486
974 487
975 488
976 489
977 490
978 491
979 492
980 493
981 495
982 496
983 497
984 498
985 499
986 500
987 501
988 503
989 504
990 505
991 506
992 507
993 508
994 509
995 511
996 512
997 513
998 514
999 515
1000 516
1001 518
1002 519
1003 520
1004 521
1005 522
1006 523
1007 525
1008 526
1009 527
1010 528
1011 529
1012 531
1013 532
1014 533
1015 534
1016 535
1017 536
1018 538
1019 539
1020 540
1021 541
1022 542
1023 544
1024 545
1025 546
1026 547
1027 548
1028 550
1029 551
1030 552
1031 553
1032 554
1033 556
1034 557
1035 558
1036 559
1037 561
1038 562
1039 563
1040 564
1041 565
1042 567
1043 568
1044 569
1045 570
1046 572
1047 573
1048 574
1049 575
1050 576
1051 578
1052 579
1053 580
1054 581
1055 583
1056 584
1057 585
1058 586
1059 588
1060 589
1061 590
1062 591
1063 593
1064 594
1065 595
1066 596
1067 598
1068 599
1069 600
1070 601
1071 603
1072 604
1073 605
1074 607
1075 608
1076 609
1077 610
1078 612
1079 613
1080 614
1081 615
1082 617
1083 618
1084 619
1085 621
1086 622
1087 623
1088 624
1089 626
1090 627
1091 628
1092 630
1093 631
1094 632
1095 634
1096 635
1097 636
1098 637
1099 639
1100 640
1101 641
1102 643
1103 645
1104 646
1105 647
1106 649
1107 650
1108 651
1109 652
1110 654
1111 655
1112 656
1113 657
1114 659
1115 660
1116 661
1117 663
1118 664
1119 665
1120 666
1121 668
1122 669
1123 670
1124 672
1125 673
1126 674
1127 675
1128 677
1129 678
1130 679
1131 681
1132 682
1133 683
1134 685
1135 686
1136 687
1137 688
1138 690
1139 691
1140 692
1141 694
1142 695
1143 696
1144 698
1145 699
1146 700
1147 702
1148 703
1149 704
1150 706
1151 707
1152 708
1153 710
1154 711
1155 712
1156 714
1157 715
1158 716
1159 718
1160 721
1161 722
1162 724
1163 725
1164 727
1165 728
1166 730
1167 731
1168 733
1169 734
1170 736
1171 737
1172 739
1173 741
1174 742
1175 743
1176 745
1177 746
1178 748
1179 749
1180 751
1181 752
1182 754
1183 755
1184 757
1185 758
1186 760
1187 762
1188 763
1189 765
1190 766
1191 768
1192 769
1193 771
1194 773
1195 774
1196 776
1197 777
1198 779
1199 780
1200 782
1201 784
1202 785
1203 787
1204 788
1205 790
1206 791
1207 793
1208 795
1209 796
1210 798
1211 799
1212 801
1213 802
1214 804
1215 805
1216 807
1217 808
1218 810
1219 811
1220 812
1221 814
1222 815
1223 817
1224 818
1225 820
1226 821
1227 823
1228 824
1229 826
1230 827
1231 828
1232 830
1233 831
1234 833
1235 834
1236 836
1237 837
1238 839
1239 840
1240 842
1241 843
1242 845
1243 846
1244 848
1245 849
1246 851
1247 852
1248 854
1249 855
1250 857
1251 858
1252 860
1253 861
1254 863
1255 864
1256 866
1257 867
1258 869
1259 870
1260 872
1261 873
1262 875
1263 876
1264 878
1265 879
1266 881
1267 882
1268 884
1269 885
1270 887
1271 889
1272 890
1273 892
1274 893
1275 895
1276 896
1277 898
1278 899
1279 901
1280 902
1281 904
1282 905
1283 907
1284 909
1285 910
1286 912
1287 913
1288 915
1289 916
1290 918
1291 919
1292 921
1293 923
1294 924
1295 926
1296 927
1297 929
1298 930
1299 932
1300 934
1301 935
1302 937
1303 938
1304 940
1305 941
1306 943
1307 945
1308 946
1309 948
1310 949
1311 951
1312 953
1313 954
1314 956
1315 957
1316 959
1317 961
1318 962
1319 964
1320 965
1321 967
1322 969
1323 970
1324 972
1325 973
1326 975
1327 977
1328 978
1329 980
1330 982
1331 983
1332 985
1333 986
1334 988
1335 990
1336 991
1337 993
1338 995
1339 996
1340 998
1341 1000
1342 1001
1343 1003
1344 1004
1345 1006
1346 1008
1347 1009
1348 1011
1349 1013
1350 1014
1351 1016
1352 1018
1353 1019
1354 1021
1355 1023
1356 1024
1357 1026
1358 1028
1359 1029
1360 1031
1361 1033
1362 1035
1363 1036
1364 1038
1365 1040
1366 1041
1367 1043
1368 1045
1369 1046
1370 1048
1371 1050
1372 1051
1373 1053
1374 1055
1375 1057
1376 1058
1377 1060
1378 1062
1379 1063
1380 1065
1381 1067
1382 1069
1383 1070
1384 1072
1385 1074
1386 1075
1387 1077
1388 1079
1389 1081
1390 1082
1391 1084
1392 1086
1393 1088
1394 1089
1395 1091
1396 1093
1397 1095
1398 1096
1399 1098
1400 1100
1401 1102
1402 1103
1403 1105
1404 1107
1405 1109
1406 1111
1407 1112
1408 1114
1409 1116
1410 1118
1411 1119
1412 1121
1413 1123
1414 1125
1415 1126
1416 1128
1417 1130
1418 1132
1419 1134
1420 1135
1421 1137
1422 1139
1423 1141
1424 1142
1425 1144
1426 1146
1427 1148
1428 1150
1429 1151
1430 1153
1431 1155
1432 1157
1433 1159
1434 1160
1435 1162
1436 1164
1437 1166
1438 1168
1439 1170
1440 1171
1441 1173
1442 1175
1443 1177
1444 1179
1445 1181
1446 1182
1447 1184
1448 1186
1449 1188
1450 1190
1451 1192
1452 1193
1453 1195
1454 1197
1455 1199
1456 1201
1457 1203
1458 1205
1459 1206
1460 1208
1461 1210
1462 1212
1463 1214
1464 1216
1465 1218
1466 1219
1467 1221
1468 1223
1469 1225
1470 1227
1471 1229
1472 1231
1473 1233
1474 1234
1475 1236
1476 1238
1477 1240
1478 1242
1479 1244
1480 1246
1481 1248
1482 1249
1483 1251
1484 1253
1485 1255
1486 1257
1487 1259
1488 1261
1489 1263
1490 1265
1491 1267
1492 1269
1493 1270
1494 1272
1495 1274
1496 1276
1497 1278
1498 1280
1499 1282
1500 1284
1501 1286
1502 1288
1503 1290
1504 1292
1505 1294
1506 1295
1507 1297
1508 1299
1509 1301
1510 1303
1511 1305
1512 1307
1513 1309
1514 1311
1515 1313
1516 1315
1517 1317
1518 1319
1519 1321
1520 1323
1521 1325
1522 1327
1523 1329
1524 1331
1525 1333
1526 1335
1527 1337
1528 1339
1529 1341
1530 1343
1531 1345
1532 1347
1533 1349
1534 1351
1535 1353
1536 1355
1537 1357
1538 1359
1539 1361
1540 1363
1541 1364
1542 1366
1543 1368
1544 1370
1545 1372
1546 1374
1547 1376
1548 1378
1549 1380
1550 1382
1551 1384
1552 1386
1553 1388
1554 1391
1555 1393
1556 1395
1557 1397
1558 1399
1559 1401
1560 1403
1561 1405
1562 1407
1563 1409
1564 1411
1565 1413
1566 1415
1567 1417
1568 1419
1569 1421
1570 1423
1571 1425
1572 1427
1573 1429
1574 1431
1575 1434
1576 1436
1577 1438
1578 1440
1579 1442
1580 1444
1581 1446
1582 1448
1583 1450
1584 1452
1585 1454
1586 1456
1587 1458
1588 1461
1589 1463
1590 1465
1591 1467
1592 1469
1593 1471
1594 1473
1595 1475
1596 1477
1597 1479
1598 1482
1599 1484
1600 1486
1601 1488
1602 1490
1603 1492
1604 1494
1605 1496
1606 1498
1607 1501
1608 1503
1609 1505
1610 1507
1611 1509
1612 1511
1613 1513
1614 1515
1615 1518
1616 1520
1617 1522
1618 1524
1619 1526
1620 1528
1621 1530
1622 1533
1623 1535
1624 1537
1625 1539
1626 1541
1627 1543
1628 1546
1629 1548
1630 1550
1631 1552
1632 1554
1633 1556
1634 1559
1635 1561
1636 1563
1637 1565
1638 1567
1639 1569
1640 1572
1641 1574
1642 1576
1643 1578
1644 1580
1645 1583
1646 1585
1647 1587
1648 1589
1649 1591
1650 1593
1651 1596
1652 1598
1653 1600
1654 1602
1655 1605
1656 1607
1657 1609
1658 1611
1659 1613
1660 1616
1661 1618
1662 1620
1663 1622
1664 1624
1665 1627
1666 1629
1667 1631
1668 1633
1669 1635
1670 1638
1671 1640
1672 1642
1673 1644
1674 1647
1675 1649
1676 1651
1677 1653
1678 1656
1679 1658
1680 1660
1681 1662
1682 1664
1683 1667
1684 1669
1685 1671
1686 1673
1687 1676
1688 1678
1689 1680
1690 1683
1691 1685
1692 1687
1693 1690
1694 1692
1695 1694
1696 1696
1697 1699
1698 1701
1699 1703
1700 1706
1701 1708
1702 1710
1703 1713
1704 1715
1705 1717
1706 1720
1707 1722
1708 1724
1709 1727
1710 1729
1711 1731
1712 1734
1713 1736
1714 1738
1715 1741
1716 1743
1717 1745
1718 1747
1719 1750
1720 1752
1721 1754
1722 1757
1723 1759
1724 1761
1725 1764
1726 1766
1727 1768
1728 1771
1729 1773
1730 1775
1731 1778
1732 1780
1733 1782
1734 1785
1735 1787
1736 1789
1737 1792
1738 1794
1739 1797
1740 1799
1741 1801
1742 1804
1743 1806
1744 1808
1745 1811
1746 1813
1747 1815
1748 1818
1749 1820
1750 1823
1751 1825
1752 1827
1753 1830
1754 1832
1755 1835
1756 1837
1757 1839
1758 1842
1759 1844
1760 1847
1761 1849
1762 1851
1763 1854
1764 1856
1765 1859
1766 1861
1767 1863
1768 1866
1769 1868
1770 1871
1771 1873
1772 1875
1773 1878
1774 1880
1775 1883
1776 1885
1777 1888
1778 1890
1779 1893
1780 1895
1781 1897
1782 1900
1783 1902
1784 1905
1785 1907
1786 1910
1787 1912
1788 1915
1789 1917
1790 1919
1791 1922
1792 1924
1793 1927
1794 1929
1795 1932
1796 1934
1797 1937
1798 1939
1799 1942
1800 1944
1801 1947
1802 1949
1803 1952
1804 1954
1805 1957
1806 1959
1807 1962
1808 1964
1809 1967
1810 1969
1811 1972
1812 1974
1813 1977
1814 1979
1815 1982
1816 1984
1817 1987
1818 1989
1819 1992
1820 1994
1821 1997
1822 1999
1823 2002
1824 2004
1825 2007
1826 2009
1827 2012
1828 2014
1829 2017
1830 2020
1831 2022
1832 2025
1833 2027
1834 2030
1835 2032
1836 2035
1837 2037
1838 2040
1839 2043
1840 2045
1841 2048
1842 2050
1843 2053
1844 2055
1845 2058
1846 2061
1847 2063
1848 2066
1849 2068
1850 2071
1851 2073
1852 2076
1853 2079
1854 2081
1855 2084
1856 2086
1857 2089
1858 2092
1859 2094
1860 2097
1861 2099
1862 2102
1863 2105
1864 2107
1865 2110
1866 2112
1867 2115
1868 2118
1869 2120
1870 2123
1871 2125
1872 2128
1873 2131
1874 2133
1875 2136
1876 2139
1877 2141
1878 2144
1879 2146
1880 2149
1881 2152
1882 2154
1883 2157
1884 2160
1885 2162
1886 2165
1887 2168
1888 2170
1889 2173
1890 2176
1891 2178
1892 2181
1893 2184
1894 2186
1895 2189
1896 2192
1897 2194
1898 2197
1899 2200
1900 2202
1901 2205
1902 2208
1903 2210
1904 2213
1905 2216
1906 2218
1907 2221
1908 2224
1909 2226
1910 2229
1911 2232
1912 2235
1913 2237
1914 2240
1915 2243
1916 2245
1917 2248
1918 2251
1919 2253
1920 2256
1921 2259
1922 2262
1923 2264
1924 2267
1925 2270
1926 2273
1927 2275
1928 2278
1929 2281
1930 2283
1931 2286
1932 2289
1933 2292
1934 2294
1935 2297
1936 2300
1937 2303
1938 2305
1939 2308
1940 2311
1941 2314
1942 2316
1943 2319
1944 2322
1945 2325
1946 2328
1947 2331
1948 2334
1949 2336
1950 2339
1951 2342
1952 2345
1953 2347
1954 2350
1955 2353
1956 2356
1957 2358
1958 2361
1959 2364
1960 2367
1961 2369
1962 2372
1963 2375
1964 2378
1965 2380
1966 2383
1967 2386
1968 2389
1969 2391
1970 2394
1971 2397
1972 2400
1973 2402
1974 2405
1975 2408
1976 2411
1977 2414
1978 2416
1979 2419
1980 2422
1981 2425
1982 2428
1983 2430
1984 2433
1985 2436
1986 2439
1987 2442
1988 2444
1989 2447
1990 2450
1991 2453
1992 2456
1993 2459
1994 2461
1995 2464
1996 2467
1997 2470
1998 2473
1999 2476
2000 2478
2001 2481
2002 2484
2003 2487
2004 2490
2005 2493
2006 2495
2007 2498
2008 2501
2009 2504
2010 2507
2011 2510
2012 2513
2013 2515
2014 2518
2015 2521
2016 2524
2017 2527
2018 2530
2019 2533
2020 2535
2021 2538
2022 2541
2023 2544
2024 2547
2025 2550
2026 2553
2027 2556
2028 2559
2029 2561
2030 2564
2031 2567
2032 2570
2033 2573
2034 2576
2035 2579
2036 2582
2037 2585
2038 2588
2039 2590
2040 2593
2041 2596
2042 2599
2043 2602
2044 2605
2045 2608
2046 2611
2047 2614
2048 2617
2049 2620
2050 2623
2051 2626
2052 2629
2053 2631
2054 2634
2055 2637
2056 2640
2057 2643
2058 2646
2059 2649
2060 2652
2061 2655
2062 2658
2063 2661
2064 2664
2065 2667
2066 2670
2067 2673
2068 2676
2069 2679
2070 2682
2071 2685
2072 2688
2073 2691
2074 2694
2075 2697
2076 2700
2077 2703
2078 2706
2079 2709
2080 2712
2081 2715
2082 2718
2083 2721
2084 2724
2085 2727
2086 2730
2087 2733
2088 2736
2089 2739
2090 2742
2091 2745
2092 2748
2093 2751
2094 2754
2095 2757
2096 2760
2097 2763
2098 2766
2099 2769
2100 2772
2101 2775
2102 2779
2103 2782
2104 2785
2105 2788
2106 2791
2107 2794
2108 2797
2109 2800
2110 2803
2111 2806
2112 2809
2113 2812
2114 2815
2115 2818
2116 2822
2117 2825
2118 2828
2119 2831
2120 2834
2121 2837
2122 2840
2123 2843
2124 2846
2125 2849
2126 2852
2127 2855
2128 2859
2129 2862
2130 2865
2131 2868
2132 2871
2133 2874
2134 2877
2135 2880
2136 2883
2137 2887
2138 2890
2139 2893
2140 2896
2141 2899
2142 2902
2143 2905
2144 2908
2145 2912
2146 2915
2147 2918
2148 2921
2149 2924
2150 2927
2151 2931
2152 2934
2153 2937
2154 2940
2155 2943
2156 2946
2157 2949
2158 2953
2159 2956
2160 2959
2161 2962
2162 2965
2163 2968
2164 2972
2165 2975
2166 2978
2167 2981
2168 2984
2169 2988
2170 2991
2171 2994
2172 2997
2173 3000
2174 3004
2175 3007
2176 3010
2177 3013
2178 3016
2179 3020
2180 3023
2181 3026
2182 3029
2183 3033
2184 3036
2185 3039
2186 3042
2187 3046
2188 3049
2189 3052
2190 3055
2191 3059
2192 3062
2193 3065
2194 3068
2195 3072
2196 3075
2197 3078
2198 3082
2199 3085
2200 3088
2201 3091
2202 3095
2203 3098
2204 3101
2205 3105
2206 3108
2207 3111
2208 3114
2209 3118
2210 3121
2211 3124
2212 3127
2213 3131
2214 3134
2215 3137
2216 3141
2217 3144
2218 3147
2219 3150
2220 3154
2221 3157
2222 3160
2223 3164
2224 3167
2225 3170
2226 3174
2227 3177
2228 3180
2229 3184
2230 3187
2231 3190
2232 3194
2233 3197
2234 3200
2235 3204
2236 3207
2237 3210
2238 3214
2239 3217
2240 3220
2241 3224
2242 3227
2243 3231
2244 3234
2245 3237
2246 3241
2247 3244
2248 3247
2249 3251
2250 3254
2251 3258
2252 3261
2253 3264
2254 3268
2255 3271
2256 3275
2257 3278
2258 3281
2259 3285
2260 3288
2261 3291
2262 3295
2263 3298
2264 3302
2265 3305
2266 3309
2267 3312
2268 3315
2269 3319
2270 3322
2271 3326
2272 3329
2273 3333
2274 3336
2275 3339
2276 3343
2277 3346
2278 3350
2279 3353
2280 3357
2281 3360
2282 3364
2283 3367
2284 3370
2285 3374
2286 3377
2287 3381
2288 3384
2289 3388
2290 3391
2291 3395
2292 3398
2293 3402
2294 3405
2295 3409
2296 3412
2297 3416
2298 3419
2299 3423
2300 3426
2301 3430
2302 3433
2303 3437
2304 3440
2305 3444
2306 3447
2307 3451
2308 3454
2309 3458
2310 3461
2311 3465
2312 3468
2313 3472
2314 3475
2315 3479
2316 3482
2317 3486
2318 3489
2319 3493
2320 3496
2321 3500
2322 3504
2323 3507
2324 3511
2325 3514
2326 3518
2327 3521
2328 3525
2329 3528
2330 3532
2331 3536
2332 3539
2333 3543
2334 3546
2335 3550
2336 3553
2337 3557
2338 3561
2339 3564
2340 3568
2341 3571
2342 3575
2343 3578
2344 3582
2345 3586
2346 3589
2347 3593
2348 3596
2349 3600
2350 3604
2351 3607
2352 3611
2353 3615
2354 3618
2355 3622
2356 3625
2357 3629
2358 3633
2359 3636
2360 3640
2361 3644
2362 3647
2363 3651
2364 3654
2365 3658
2366 3662
2367 3665
2368 3669
2369 3673
2370 3676
2371 3680
2372 3684
2373 3687
2374 3691
2375 3695
2376 3698
2377 3702
2378 3706
2379 3709
2380 3713
2381 3717
2382 3721
2383 3724
2384 3728
2385 3732
2386 3735
2387 3739
2388 3743
2389 3746
2390 3750
2391 3754
2392 3758
2393 3761
2394 3765
2395 3769
2396 3772
2397 3776
2398 3780
2399 3784
2400 3787
2401 3791
2402 3795
2403 3798
2404 3802
2405 3806
2406 3810
2407 3813
2408 3817
2409 3821
2410 3825
2411 3828
2412 3832
2413 3836
2414 3840
2415 3843
2416 3847
2417 3851
2418 3855
2419 3858
2420 3862
2421 3866
2422 3870
2423 3873
2424 3877
2425 3881
2426 3885
2427 3889
2428 3892
2429 3896
2430 3900
2431 3904
2432 3907
2433 3911
2434 3915
2435 3919
2436 3922
2437 3926
2438 3930
2439 3934
2440 3938
2441 3942
2442 3945
2443 3949
2444 3953
2445 3957
2446 3961
2447 3965
2448 3968
2449 3972
2450 3976
2451 3980
2452 3984
2453 3988
2454 3992
2455 3996
2456 3999
2457 4003
2458 4007
2459 4011
2460 4015
2461 4019
2462 4023
2463 4027
2464 4031
2465 4035
2466 4038
2467 4042
2468 4046
2469 4050
2470 4054
2471 4058
2472 4062
2473 4066
2474 4070
2475 4074
2476 4078
2477 4082
2478 4086
2479 4089
2480 4093
2481 4098
2482 4102
2483 4105
2484 4109
2485 4113
2486 4117
2487 4121
2488 4125
2489 4129
2490 4133
2491 4137
2492 4141
2493 4145
2494 4149
2495 4153
2496 4156
2497 4160
2498 4164
2499 4168
2500 4172
2501 4176
2502 4180
2503 4184
2504 4188
2505 4192
2506 4196
2507 4200
2508 4204
2509 4208
2510 4212
2511 4216
2512 4220
2513 4224
2514 4228
2515 4232
2516 4236
2517 4240
2518 4244
2519 4248
2520 4252
2521 4256
2522 4260
2523 4264
2524 4269
2525 4273
2526 4277
2527 4281
2528 4285
2529 4289
2530 4293
2531 4297
2532 4301
2533 4305
2534 4309
2535 4313
2536 4317
2537 4321
2538 4325
2539 4329
2540 4333
2541 4337
2542 4342
2543 4346
2544 4350
2545 4354
2546 4358
2547 4362
2548 4366
2549 4370
2550 4374
2551 4378
2552 4382
2553 4386
2554 4391
2555 4395
2556 4399
2557 4403
2558 4407
2559 4411
2560 4415
2561 4419
2562 4424
2563 4428
2564 4432
2565 4436
2566 4440
2567 4444
2568 4448
2569 4452
2570 4457
2571 4461
2572 4465
2573 4469
2574 4473
2575 4477
2576 4481
2577 4486
2578 4490
2579 4494
2580 4498
2581 4502
2582 4506
2583 4511
2584 4515
2585 4519
2586 4523
2587 4527
2588 4531
2589 4536
2590 4540
2591 4544
2592 4548
2593 4552
2594 4557
2595 4561
2596 4565
2597 4569
2598 4573
2599 4578
2600 4582
2601 4586
2602 4590
2603 4595
2604 4599
2605 4603
2606 4607
2607 4611
2608 4616
2609 4620
2610 4624
2611 4628
2612 4633
2613 4637
2614 4641
2615 4645
2616 4650
2617 4654
2618 4658
2619 4663
2620 4667
2621 4671
2622 4675
2623 4680
2624 4684
2625 4688
2626 4693
2627 4697
2628 4701
2629 4706
2630 4710
2631 4714
2632 4719
2633 4723
2634 4728
2635 4732
2636 4736
2637 4741
2638 4745
2639 4749
2640 4754
2641 4758
2642 4762
2643 4767
2644 4771
2645 4775
2646 4780
2647 4784
2648 4789
2649 4793
2650 4797
2651 4802
2652 4806
2653 4811
2654 4815
2655 4819
2656 4824
2657 4828
2658 4833
2659 4837
2660 4841
2661 4846
2662 4850
2663 4854
2664 4859
2665 4863
2666 4867
2667 4872
2668 4876
2669 4880
2670 4885
2671 4889
2672 4894
2673 4898
2674 4902
2675 4907
2676 4911
2677 4915
2678 4920
2679 4924
2680 4929
2681 4933
2682 4937
2683 4942
2684 4946
2685 4951
2686 4955
2687 4960
2688 4964
2689 4969
2690 4973
2691 4977
2692 4982
2693 4986
2694 4991
2695 4995
2696 5000
2697 5004
2698 5009
2699 5013
2700 5018
2701 5022
2702 5027
2703 5032
2704 5036
2705 5041
2706 5045
2707 5050
2708 5054
2709 5059
2710 5063
2711 5068
2712 5072
2713 5077
2714 5082
2715 5086
2716 5091
2717 5095
2718 5100
2719 5104
2720 5109
2721 5113
2722 5118
2723 5122
2724 5127
2725 5132
2726 5136
2727 5141
2728 5145
2729 5150
2730 5154
2731 5159
2732 5163
2733 5168
2734 5173
2735 5177
2736 5182
2737 5186
2738 5191
2739 5195
2740 5200
2741 5205
2742 5209
2743 5214
2744 5219
2745 5223
2746 5228
2747 5233
2748 5237
2749 5242
2750 5246
2751 5251
2752 5256
2753 5260
2754 5265
2755 5270
2756 5274
2757 5279
2758 5284
2759 5288
2760 5293
2761 5298
2762 5302
2763 5307
2764 5312
2765 5316
2766 5321
2767 5326
2768 5331
2769 5335
2770 5340
2771 5345
2772 5349
2773 5354
2774 5359
2775 5363
2776 5368
2777 5373
2778 5377
2779 5382
2780 5387
2781 5391
2782 5396
2783 5401
2784 5405
2785 5410
2786 5414
2787 5419
2788 5424
2789 5429
2790 5433
2791 5438
2792 5443
2793 5447
2794 5452
2795 5457
2796 5461
2797 5466
2798 5471
2799 5476
2800 5480
2801 5485
2802 5490
2803 5494
2804 5499
2805 5504
2806 5509
2807 5513
2808 5518
2809 5523
2810 5528
2811 5532
2812 5537
2813 5542
2814 5546
2815 5551
2816 5556
2817 5561
2818 5565
2819 5570
2820 5575
2821 5580
2822 5584
2823 5589
2824 5594
2825 5599
2826 5603
2827 5608
2828 5613
2829 5618
2830 5623
2831 5627
2832 5632
2833 5637
2834 5642
2835 5646
2836 5651
2837 5656
2838 5661
2839 5666
2840 5671
2841 5675
2842 5680
2843 5685
2844 5690
2845 5695
2846 5699
2847 5704
2848 5709
2849 5714
2850 5719
2851 5724
2852 5729
2853 5734
2854 5738
2855 5743
2856 5748
2857 5753
2858 5758
2859 5763
2860 5768
2861 5773
2862 5777
2863 5782
2864 5787
2865 5792
2866 5797
2867 5802
2868 5807
2869 5812
2870 5816
2871 5821
2872 5826
2873 5831
2874 5836
2875 5841
2876 5846
2877 5851
2878 5856
2879 5860
2880 5865
2881 5870
2882 5875
2883 5880
2884 5885
2885 5890
2886 5895
2887 5900
2888 5905
2889 5909
2890 5914
2891 5919
2892 5924
2893 5929
2894 5934
2895 5939
2896 5944
2897 5949
2898 5954
2899 5959
2900 5964
2901 5969
2902 5974
2903 5979
2904 5984
2905 5989
2906 5994
2907 5999
2908 6004
2909 6009
2910 6014
2911 6019
2912 6024
2913 6029
2914 6035
2915 6040
2916 6045
2917 6050
2918 6055
2919 6060
2920 6066
2921 6071
2922 6076
2923 6081
2924 6086
2925 6092
2926 6097
2927 6102
2928 6107
2929 6112
2930 6117
2931 6122
2932 6127
2933 6132
2934 6137
2935 6142
2936 6147
2937 6153
2938 6158
2939 6163
2940 6168
2941 6173
2942 6178
2943 6183
2944 6189
2945 6194
2946 6200
2947 6205
2948 6210
2949 6215
2950 6220
2951 6225
2952 6230
2953 6235
2954 6241
2955 6246
2956 6252
2957 6258
2958 6263
2959 6268
2960 6273
2961 6278
2962 6284
2963 6289
2964 6294
2965 6299
2966 6305
2967 6310
2968 6315
2969 6320
2970 6325
2971 6331
2972 6336
2973 6341
2974 6346
2975 6352
2976 6357
2977 6362
2978 6367
2979 6372
2980 6378
2981 6383
2982 6388
2983 6393
2984 6399
2985 6404
2986 6409
2987 6414
2988 6419
2989 6425
2990 6430
2991 6435
2992 6440
2993 6446
2994 6451
2995 6456
2996 6461
2997 6467
2998 6472
2999 6477
3000 6482
3001 6488
3002 6493
3003 6499
3004 6504
3005 6509
3006 6514
3007 6520
3008 6525
3009 6530
3010 6536
3011 6541
3012 6546
3013 6552
3014 6557
3015 6563
3016 6568
3017 6573
3018 6579
3019 6584
3020 6589
3021 6595
3022 6600
3023 6606
3024 6611
3025 6617
3026 6622
3027 6628
3028 6633
3029 6639
3030 6644
3031 6650
3032 6655
3033 6661
3034 6667
3035 6672
3036 6678
3037 6683
3038 6689
3039 6694
3040 6699
3041 6705
3042 6710
3043 6716
3044 6722
3045 6727
3046 6733
3047 6738
3048 6744
3049 6749
3050 6755
3051 6761
3052 6766
3053 6772
3054 6777
3055 6783
3056 6788
3057 6794
3058 6799
3059 6805
3060 6811
3061 6816
3062 6821
3063 6827
3064 6832
3065 6838
3066 6843
3067 6849
3068 6854
3069 6859
3070 6865
3071 6870
3072 6876
3073 6881
3074 6887
3075 6892
3076 6898
3077 6903
3078 6909
3079 6914
3080 6920
3081 6925
3082 6931
3083 6936
3084 6942
3085 6947
3086 6953
3087 6958
3088 6964
3089 6969
3090 6975
3091 6980
3092 6986
3093 6991
3094 6997
3095 7002
3096 7008
3097 7013
3098 7019
3099 7024
3100 7030
3101 7035
3102 7041
3103 7047
3104 7052
3105 7058
3106 7063
3107 7069
3108 7075
3109 7080
3110 7086
3111 7091
3112 7097
3113 7103
3114 7108
3115 7114
3116 7120
3117 7125
3118 7131
3119 7136
3120 7142
3121 7148
3122 7153
3123 7159
3124 7164
3125 7170
3126 7176
3127 7181
3128 7187
3129 7193
3130 7198
3131 7204
3132 7210
3133 7215
3134 7221
3135 7227
3136 7232
3137 7238
3138 7244
3139 7249
3140 7255
3141 7261
3142 7266
3143 7272
3144 7278
3145 7283
3146 7289
3147 7295
3148 7300
3149 7306
3150 7312
3151 7317
3152 7323
3153 7329
3154 7334
3155 7340
3156 7346
3157 7352
3158 7357
3159 7363
3160 7369
3161 7375
3162 7380
3163 7386
3164 7392
3165 7397
3166 7403
3167 7409
3168 7415
3169 7420
3170 7426
3171 7432
3172 7438
3173 7443
3174 7449
3175 7455
3176 7461
3177 7466
3178 7472
3179 7478
3180 7484
3181 7490
3182 7495
3183 7501
3184 7507
3185 7513
3186 7519
3187 7524
3188 7530
3189 7536
3190 7542
3191 7548
3192 7553
3193 7559
3194 7565
3195 7571
3196 7577
3197 7583
3198 7588
3199 7594
3200 7600
3201 7606
3202 7612
3203 7618
3204 7623
3205 7629
3206 7635
3207 7641
3208 7647
3209 7653
3210 7659
3211 7664
3212 7670
3213 7676
3214 7682
3215 7688
3216 7694
3217 7700
3218 7706
3219 7712
3220 7717
3221 7724
3222 7730
3223 7736
3224 7742
3225 7748
3226 7754
3227 7760
3228 7766
3229 7772
3230 7778
3231 7784
3232 7789
3233 7795
3234 7801
3235 7808
3236 7814
3237 7820
3238 7826
3239 7832
3240 7837
3241 7844
3242 7849
3243 7856
3244 7862
3245 7868
3246 7874
3247 7880
3248 7886
3249 7892
3250 7898
3251 7904
3252 7909
3253 7915
3254 7922
3255 7927
3256 7934
3257 7939
3258 7946
3259 7952
3260 7958
3261 7964
3262 7970
3263 7976
3264 7982
3265 7988
3266 7994
3267 8000
3268 8006
3269 8012
3270 8018
3271 8024
3272 8030
3273 8036
3274 8042
3275 8048
3276 8055
3277 8061
3278 8067
3279 8073
3280 8079
3281 8085
3282 8091
3283 8097
3284 8104
3285 8110
3286 8116
3287 8122
3288 8128
3289 8134
3290 8141
3291 8147
3292 8153
3293 8159
3294 8165
3295 8171
3296 8178
3297 8184
3298 8190
3299 8196
3300 8203
3301 8209
3302 8215
3303 8222
3304 8228
3305 8234
3306 8240
3307 8247
3308 8253
3309 8259
3310 8265
3311 8272
3312 8278
3313 8284
3314 8291
3315 8297
3316 8303
3317 8310
3318 8316
3319 8322
3320 8329
3321 8335
3322 8341
3323 8348
3324 8354
3325 8360
3326 8367
3327 8373
3328 8379
3329 8386
3330 8392
3331 8398
3332 8405
3333 8411
3334 8418
3335 8424
3336 8430
3337 8437
3338 8443
3339 8449
3340 8456
3341 8462
3342 8469
3343 8475
3344 8481
3345 8488
3346 8494
3347 8501
3348 8507
3349 8514
3350 8520
3351 8526
3352 8533
3353 8539
3354 8546
3355 8552
3356 8558
3357 8565
3358 8571
3359 8578
3360 8584
3361 8591
3362 8597
3363 8603
3364 8610
3365 8616
3366 8623
3367 8629
3368 8636
3369 8642
3370 8649
3371 8655
3372 8662
3373 8668
3374 8675
3375 8681
3376 8688
3377 8694
3378 8701
3379 8707
3380 8714
3381 8721
3382 8727
3383 8734
3384 8740
3385 8747
3386 8754
3387 8760
3388 8767
3389 8773
3390 8780
3391 8786
3392 8793
3393 8799
3394 8806
3395 8813
3396 8819
3397 8826
3398 8832
3399 8839
3400 8845
3401 8852
3402 8859
3403 8865
3404 8872
3405 8878
3406 8885
3407 8891
3408 8898
3409 8905
3410 8911
3411 8918
3412 8924
3413 8931
3414 8938
3415 8944
3416 8951
3417 8957
3418 8964
3419 8971
3420 8977
3421 8984
3422 8990
3423 8997
3424 9004
3425 9010
3426 9017
3427 9024
3428 9030
3429 9037
3430 9044
3431 9050
3432 9057
3433 9064
3434 9071
3435 9077
3436 9084
3437 9091
3438 9097
3439 9104
3440 9111
3441 9117
3442 9124
3443 9131
3444 9137
3445 9144
3446 9151
3447 9157
3448 9164
3449 9171
3450 9178
3451 9184
3452 9191
3453 9198
3454 9205
3455 9211
3456 9218
3457 9225
3458 9232
3459 9238
3460 9245
3461 9252
3462 9259
3463 9266
3464 9272
3465 9279
3466 9286
3467 9293
3468 9300
3469 9306
3470 9313
3471 9320
3472 9327
3473 9334
3474 9340
3475 9347
3476 9354
3477 9361
3478 9368
3479 9374
3480 9381
3481 9388
3482 9395
3483 9402
3484 9408
3485 9415
3486 9422
3487 9429
3488 9436
3489 9443
3490 9449
3491 9456
3492 9463
3493 9470
3494 9477
3495 9484
3496 9491
3497 9497
3498 9504
3499 9511
3500 9518
3501 9525
3502 9532
3503 9539
3504 9546
3505 9553
3506 9560
3507 9567
3508 9573
3509 9580
3510 9587
3511 9594
3512 9601
3513 9608
3514 9615
3515 9622
3516 9629
3517 9636
3518 9643
3519 9650
3520 9657
3521 9664
3522 9671
3523 9678
3524 9685
3525 9692
3526 9699
3527 9706
3528 9713
3529 9720
3530 9727
3531 9734
3532 9741
3533 9748
3534 9755
3535 9762
3536 9769
3537 9776
3538 9783
3539 9790
3540 9797
3541 9804
3542 9811
3543 9818
3544 9825
3545 9832
3546 9839
3547 9846
3548 9854
3549 9861
3550 9868
3551 9875
3552 9882
3553 9889
3554 9896
3555 9903
3556 9910
3557 9917
3558 9924
3559 9931
3560 9938
3561 9945
3562 9952
3563 9959
3564 9966
3565 9973
3566 9981
3567 9988
3568 9995
3569 10002
3570 10009
3571 10016
3572 10023
3573 10030
3574 10038
3575 10045
3576 10052
3577 10059
3578 10066
3579 10073
3580 10081
3581 10088
3582 10095
3583 10102
3584 10110
3585 10117
3586 10124
3587 10131
3588 10138
3589 10146
3590 10153
3591 10160
3592 10167
3593 10174
3594 10181
3595 10188
3596 10195
3597 10202
3598 10210
3599 10217
3600 10224
3601 10231
3602 10238
3603 10245
3604 10253
3605 10260
3606 10267
3607 10274
3608 10281
3609 10288
3610 10295
3611 10303
3612 10310
3613 10317
3614 10324
3615 10331
3616 10338
3617 10346
3618 10353
3619 10360
3620 10368
3621 10375
3622 10382
3623 10389
3624 10396
3625 10404
3626 10411
3627 10418
3628 10425
3629 10433
3630 10440
3631 10447
3632 10454
3633 10462
3634 10469
3635 10476
3636 10483
3637 10491
3638 10498
3639 10505
3640 10512
3641 10520
3642 10527
3643 10534
3644 10541
3645 10549
3646 10556
3647 10563
3648 10571
3649 10578
3650 10585
3651 10593
3652 10600
3653 10607
3654 10615
3655 10622
3656 10629
3657 10637
3658 10644
3659 10651
3660 10659
3661 10666
3662 10673
3663 10681
3664 10688
3665 10696
3666 10703
3667 10710
3668 10718
3669 10725
3670 10733
3671 10740
3672 10747
3673 10755
3674 10762
3675 10770
3676 10777
3677 10785
3678 10792
3679 10799
3680 10807
3681 10814
3682 10822
3683 10829
3684 10837
3685 10844
3686 10851
3687 10859
3688 10866
3689 10874
3690 10881
3691 10889
3692 10896
3693 10904
3694 10911
3695 10918
3696 10926
3697 10933
3698 10941
3699 10948
3700 10956
3701 10963
3702 10971
3703 10978
3704 10986
3705 10993
3706 11001
3707 11008
3708 11016
3709 11023
3710 11031
3711 11038
3712 11046
3713 11054
3714 11061
3715 11069
3716 11076
3717 11084
3718 11091
3719 11099
3720 11107
3721 11114
3722 11122
3723 11129
3724 11137
3725 11144
3726 11152
3727 11160
3728 11167
3729 11175
3730 11182
3731 11190
3732 11197
3733 11205
3734 11213
3735 11220
3736 11228
3737 11236
3738 11243
3739 11251
3740 11258
3741 11266
3742 11274
3743 11281
3744 11289
3745 11297
3746 11304
3747 11312
3748 11320
3749 11327
3750 11335
3751 11343
3752 11350
3753 11358
3754 11366
3755 11373
3756 11381
3757 11389
3758 11396
3759 11404
3760 11412
3761 11419
3762 11427
3763 11435
3764 11443
3765 11450
3766 11458
3767 11466
3768 11473
3769 11481
3770 11489
3771 11497
3772 11504
3773 11512
3774 11520
3775 11527
3776 11535
3777 11543
3778 11551
3779 11558
3780 11566
3781 11574
3782 11582
3783 11589
3784 11597
3785 11605
3786 11613
3787 11621
3788 11628
3789 11636
3790 11644
3791 11652
3792 11660
3793 11667
3794 11675
3795 11683
3796 11691
3797 11699
3798 11706
3799 11714
3800 11722
3801 11730
3802 11738
3803 11746
3804 11754
3805 11761
3806 11769
3807 11777
3808 11785
3809 11793
3810 11801
3811 11809
3812 11816
3813 11824
3814 11832
3815 11840
3816 11848
3817 11856
3818 11864
3819 11872
3820 11880
3821 11888
3822 11895
3823 11903
3824 11911
3825 11919
3826 11927
3827 11935
3828 11943
3829 11951
3830 11959
3831 11967
3832 11975
3833 11983
3834 11991
3835 11999
3836 12007
3837 12015
3838 12023
3839 12031
3840 12039
3841 12047
3842 12055
3843 12063
3844 12071
3845 12079
3846 12087
3847 12095
3848 12103
3849 12111
3850 12119
3851 12127
3852 12135
3853 12143
3854 12151
3855 12159
3856 12167
3857 12175
3858 12183
3859 12191
3860 12199
3861 12207
3862 12216
3863 12224
3864 12232
3865 12240
3866 12248
3867 12256
3868 12264
3869 12272
3870 12280
3871 12289
3872 12297
3873 12305
3874 12313
3875 12321
3876 12329
3877 12337
3878 12346
3879 12354
3880 12362
3881 12370
3882 12378
3883 12386
3884 12394
3885 12403
3886 12411
3887 12419
3888 12427
3889 12435
3890 12444
3891 12452
3892 12460
3893 12468
3894 12476
3895 12485
3896 12493
3897 12501
3898 12509
3899 12518
3900 12526
3901 12534
3902 12542
3903 12551
3904 12559
3905 12567
3906 12575
3907 12584
3908 12592
3909 12600
3910 12609
3911 12617
3912 12625
3913 12634
3914 12642
3915 12650
3916 12659
3917 12667
3918 12675
3919 12684
3920 12692
3921 12701
3922 12709
3923 12717
3924 12726
3925 12734
3926 12743
3927 12751
3928 12759
3929 12768
3930 12776
3931 12785
3932 12793
3933 12801
3934 12810
3935 12818
3936 12827
3937 12835
3938 12843
3939 12852
3940 12861
3941 12869
3942 12877
3943 12886
3944 12894
3945 12903
3946 12911
3947 12919
3948 12928
3949 12936
3950 12944
3951 12953
3952 12961
3953 12969
3954 12978
3955 12986
3956 12995
3957 13003
3958 13012
3959 13020
3960 13028
3961 13037
3962 13045
3963 13054
3964 13062
3965 13071
3966 13079
3967 13087
3968 13096
3969 13104
3970 13113
3971 13121
3972 13130
3973 13138
3974 13147
3975 13155
3976 13164
3977 13172
3978 13181
3979 13189
3980 13198
3981 13206
3982 13215
3983 13223
3984 13232
3985 13240
3986 13248
3987 13257
3988 13266
3989 13274
3990 13283
3991 13291
3992 13299
3993 13308
3994 13317
3995 13325
3996 13334
3997 13342
3998 13351
3999 13359
4000 13368
4001 13376
4002 13385
4003 13393
4004 13402
4005 13411
4006 13419
4007 13428
4008 13436
4009 13445
4010 13453
4011 13462
4012 13471
4013 13479
4014 13488
4015 13496
4016 13505
4017 13514
4018 13522
4019 13531
4020 13539
4021 13548
4022 13557
4023 13565
4024 13574
4025 13582
4026 13591
4027 13600
4028 13608
4029 13617
4030 13626
4031 13634
4032 13643
4033 13652
4034 13660
4035 13669
4036 13678
4037 13686
4038 13695
4039 13704
4040 13712
4041 13721
4042 13730
4043 13738
4044 13747
4045 13756
4046 13764
4047 13773
4048 13782
4049 13791
4050 13799
4051 13808
4052 13817
4053 13826
4054 13834
4055 13843
4056 13852
4057 13861
4058 13869
4059 13878
4060 13887
4061 13896
4062 13904
4063 13913
4064 13922
4065 13931
4066 13939
4067 13948
4068 13957
4069 13966
4070 13975
4071 13983
4072 13992
4073 14001
4074 14010
4075 14019
4076 14027
4077 14036
4078 14045
4079 14054
4080 14063
4081 14072
4082 14081
4083 14090
4084 14099
4085 14108
4086 14117
4087 14126
4088 14135
4089 14144
4090 14153
4091 14162
4092 14171
4093 14180
4094 14189
4095 14198
4096 14207
4097 14216
4098 14225
4099 14234
4100 14242
4101 14251
4102 14260
4103 14269
4104 14278
4105 14287
4106 14296
4107 14305
4108 14314
4109 14323
4110 14332
4111 14341
4112 14350
4113 14359
4114 14368
4115 14377
4116 14386
4117 14395
4118 14404
4119 14413
4120 14422
4121 14431
4122 14440
4123 14449
4124 14458
4125 14468
4126 14477
4127 14486
4128 14495
4129 14504
4130 14513
4131 14522
4132 14531
4133 14540
4134 14549
4135 14558
4136 14567
4137 14576
4138 14585
4139 14595
4140 14604
4141 14613
4142 14622
4143 14631
4144 14640
4145 14649
4146 14658
4147 14668
4148 14677
4149 14686
4150 14695
4151 14704
4152 14713
4153 14722
4154 14732
4155 14741
4156 14750
4157 14759
4158 14768
4159 14777
4160 14787
4161 14796
4162 14805
4163 14814
4164 14823
4165 14833
4166 14842
4167 14851
4168 14860
4169 14869
4170 14879
4171 14888
4172 14897
4173 14906
4174 14916
4175 14925
4176 14934
4177 14943
4178 14953
4179 14962
4180 14971
4181 14980
4182 14989
4183 14999
4184 15008
4185 15017
4186 15027
4187 15036
4188 15045
4189 15055
4190 15064
4191 15073
4192 15083
4193 15092
4194 15101
4195 15111
4196 15120
4197 15129
4198 15139
4199 15148
4200 15157
4201 15167
4202 15176
4203 15185
4204 15195
4205 15204
4206 15214
4207 15223
4208 15232
4209 15242
4210 15251
4211 15260
4212 15270
4213 15279
4214 15289
4215 15298
4216 15307
4217 15317
4218 15326
4219 15336
4220 15345
4221 15355
4222 15364
4223 15373
4224 15383
4225 15392
4226 15402
4227 15411
4228 15421
4229 15430
4230 15440
4231 15449
4232 15459
4233 15468
4234 15478
4235 15487
4236 15497
4237 15506
4238 15516
4239 15526
4240 15535
4241 15545
4242 15554
4243 15564
4244 15574
4245 15583
4246 15593
4247 15603
4248 15612
4249 15622
4250 15632
4251 15641
4252 15651
4253 15661
4254 15670
4255 15680
4256 15689
4257 15699
4258 15709
4259 15718
4260 15729
4261 15739
4262 15749
4263 15759
4264 15769
4265 15779
4266 15790
4267 15800
4268 15810
4269 15820
4270 15829
4271 15839
4272 15849
4273 15858
4274 15868
4275 15878
4276 15887
4277 15897
4278 15907
4279 15917
4280 15926
4281 15936
4282 15946
4283 15955
4284 15965
4285 15975
4286 15985
4287 15994
4288 16004
4289 16014
4290 16023
4291 16033
4292 16043
4293 16053
4294 16062
4295 16072
4296 16082
4297 16092
4298 16102
4299 16112
4300 16121
4301 16131
4302 16141
4303 16151
4304 16160
4305 16170
4306 16180
4307 16190
4308 16200
4309 16209
4310 16219
4311 16229
4312 16239
4313 16249
4314 16258
4315 16268
4316 16278
4317 16288
4318 16298
4319 16307
4320 16317
4321 16327
4322 16337
4323 16347
4324 16357
4325 16367
4326 16376
4327 16386
4328 16396
4329 16406
4330 16416
4331 16426
4332 16436
4333 16446
4334 16455
4335 16465
4336 16475
4337 16485
4338 16495
4339 16504
4340 16514
4341 16524
4342 16534
4343 16544
4344 16553
4345 16563
4346 16573
4347 16583
4348 16593
4349 16603
4350 16612
4351 16622
4352 16632
4353 16642
4354 16652
4355 16662
4356 16672
4357 16681
4358 16691
4359 16701
4360 16711
4361 16721
4362 16731
4363 16741
4364 16751
4365 16760
4366 16770
4367 16780
4368 16790
4369 16800
4370 16810
4371 16820
4372 16830
4373 16840
4374 16850
4375 16860
4376 16869
4377 16879
4378 16889
4379 16899
4380 16909
4381 16919
4382 16929
4383 16939
4384 16949
4385 16959
4386 16969
4387 16979
4388 16989
4389 16999
4390 17009
4391 17018
4392 17028
4393 17038
4394 17048
4395 17058
4396 17068
4397 17078
4398 17088
4399 17098
4400 17108
4401 17118
4402 17129
4403 17139
4404 17149
4405 17159
4406 17169
4407 17179
4408 17189
4409 17199
4410 17209
4411 17219
4412 17229
4413 17239
4414 17249
4415 17259
4416 17269
4417 17279
4418 17289
4419 17299
4420 17309
4421 17319
4422 17329
4423 17339
4424 17349
4425 17359
4426 17369
4427 17380
4428 17390
4429 17400
4430 17410
4431 17420
4432 17430
4433 17440
4434 17450
4435 17460
4436 17470
4437 17481
4438 17491
4439 17501
4440 17511
4441 17521
4442 17531
4443 17541
4444 17551
4445 17561
4446 17572
4447 17582
4448 17592
4449 17602
4450 17612
4451 17622
4452 17632
4453 17643
4454 17653
4455 17663
4456 17673
4457 17683
4458 17694
4459 17704
4460 17714
4461 17724
4462 17734
4463 17745
4464 17755
4465 17765
4466 17775
4467 17785
4468 17796
4469 17806
4470 17816
4471 17826
4472 17836
4473 17847
4474 17857
4475 17867
4476 17877
4477 17888
4478 17898
4479 17908
4480 17918
4481 17928
4482 17939
4483 17949
4484 17959
4485 17969
4486 17980
4487 17990
4488 18000
4489 18011
4490 18021
4491 18031
4492 18041
4493 18052
4494 18062
4495 18072
4496 18083
4497 18093
4498 18103
4499 18114
4500 18124
4501 18134
4502 18145
4503 18155
4504 18165
4505 18176
4506 18186
4507 18196
4508 18207
4509 18217
4510 18227
4511 18238
4512 18248
4513 18258
4514 18269
4515 18279
4516 18289
4517 18300
4518 18310
4519 18321
4520 18331
4521 18341
4522 18352
4523 18362
4524 18373
4525 18383
4526 18393
4527 18404
4528 18414
4529 18424
4530 18435
4531 18445
4532 18456
4533 18466
4534 18476
4535 18487
4536 18497
4537 18508
4538 18518
4539 18528
4540 18539
4541 18549
4542 18560
4543 18570
4544 18581
4545 18591
4546 18602
4547 18612
4548 18623
4549 18633
4550 18644
4551 18654
4552 18665
4553 18675
4554 18685
4555 18696
4556 18706
4557 18717
4558 18728
4559 18738
4560 18749
4561 18759
4562 18770
4563 18780
4564 18791
4565 18801
4566 18812
4567 18822
4568 18833
4569 18843
4570 18854
4571 18864
4572 18875
4573 18885
4574 18896
4575 18907
4576 18917
4577 18928
4578 18938
4579 18949
4580 18959
4581 18970
4582 18981
4583 18991
4584 19002
4585 19012
4586 19023
4587 19033
4588 19044
4589 19055
4590 19065
4591 19076
4592 19086
4593 19097
4594 19108
4595 19118
4596 19129
4597 19140
4598 19150
4599 19161
4600 19172
4601 19182
4602 19193
4603 19203
4604 19214
4605 19225
4606 19235
4607 19246
4608 19257
4609 19267
4610 19278
4611 19289
4612 19299
4613 19310
4614 19321
4615 19331
4616 19342
4617 19353
4618 19363
4619 19374
4620 19385
4621 19395
4622 19406
4623 19417
4624 19428
4625 19438
4626 19449
4627 19460
4628 19470
4629 19481
4630 19492
4631 19503
4632 19513
4633 19524
4634 19535
4635 19545
4636 19556
4637 19567
4638 19578
4639 19589
4640 19600
4641 19611
4642 19622
4643 19633
4644 19644
4645 19655
4646 19666
4647 19676
4648 19687
4649 19698
4650 19709
4651 19719
4652 19730
4653 19741
4654 19752
4655 19763
4656 19774
4657 19784
4658 19795
4659 19806
4660 19817
4661 19828
4662 19838
4663 19849
4664 19860
4665 19871
4666 19882
4667 19893
4668 19904
4669 19914
4670 19925
4671 19936
4672 19947
4673 19958
4674 19969
4675 19980
4676 19991
4677 20002
4678 20012
4679 20023
4680 20034
4681 20045
4682 20056
4683 20067
4684 20078
4685 20089
4686 20100
4687 20111
4688 20122
4689 20132
4690 20143
4691 20154
4692 20165
4693 20176
4694 20187
4695 20198
4696 20209
4697 20220
4698 20231
4699 20243
4700 20254
4701 20265
4702 20276
4703 20287
4704 20298
4705 20309
4706 20320
4707 20331
4708 20342
4709 20353
4710 20364
4711 20375
4712 20386
4713 20397
4714 20409
4715 20420
4716 20431
4717 20442
4718 20453
4719 20464
4720 20475
4721 20486
4722 20497
4723 20508
4724 20519
4725 20530
4726 20541
4727 20552
4728 20563
4729 20575
4730 20586
4731 20597
4732 20608
4733 20619
4734 20630
4735 20641
4736 20652
4737 20663
4738 20674
4739 20685
4740 20696
4741 20708
4742 20719
4743 20730
4744 20741
4745 20752
4746 20763
4747 20774
4748 20785
4749 20796
4750 20807
4751 20819
4752 20830
4753 20841
4754 20852
4755 20863
4756 20874
4757 20885
4758 20897
4759 20908
4760 20919
4761 20930
4762 20941
4763 20952
4764 20963
4765 20975
4766 20986
4767 20997
4768 21008
4769 21019
4770 21031
4771 21042
4772 21053
4773 21064
4774 21075
4775 21087
4776 21098
4777 21109
4778 21121
4779 21132
4780 21143
4781 21154
4782 21166
4783 21177
4784 21188
4785 21199
4786 21211
4787 21222
4788 21233
4789 21244
4790 21256
4791 21267
4792 21279
4793 21290
4794 21301
4795 21313
4796 21324
4797 21335
4798 21347
4799 21358
4800 21369
4801 21381
4802 21392
4803 21403
4804 21415
4805 21426
4806 21437
4807 21449
4808 21460
4809 21471
4810 21483
4811 21494
4812 21505
4813 21517
4814 21528
4815 21539
4816 21551
4817 21562
4818 21573
4819 21585
4820 21596
4821 21608
4822 21619
4823 21630
4824 21642
4825 21653
4826 21665
4827 21676
4828 21687
4829 21699
4830 21710
4831 21722
4832 21733
4833 21744
4834 21756
4835 21767
4836 21779
4837 21790
4838 21802
4839 21813
4840 21825
4841 21836
4842 21847
4843 21859
4844 21870
4845 21882
4846 21893
4847 21905
4848 21916
4849 21928
4850 21939
4851 21951
4852 21962
4853 21974
4854 21985
4855 21997
4856 22008
4857 22020
4858 22031
4859 22043
4860 22054
4861 22066
4862 22077
4863 22089
4864 22101
4865 22112
4866 22124
4867 22135
4868 22147
4869 22158
4870 22170
4871 22182
4872 22193
4873 22205
4874 22216
4875 22228
4876 22240
4877 22251
4878 22263
4879 22275
4880 22286
4881 22298
4882 22309
4883 22321
4884 22333
4885 22344
4886 22356
4887 22368
4888 22379
4889 22391
4890 22402
4891 22414
4892 22426
4893 22437
4894 22449
4895 22461
4896 22472
4897 22484
4898 22496
4899 22507
4900 22519
4901 22531
4902 22542
4903 22554
4904 22566
4905 22577
4906 22589
4907 22601
4908 22613
4909 22624
4910 22636
4911 22648
4912 22660
4913 22671
4914 22683
4915 22695
4916 22707
4917 22718
4918 22730
4919 22742
4920 22754
4921 22765
4922 22778
4923 22790
4924 22802
4925 22814
4926 22826
4927 22839
4928 22851
4929 22863
4930 22875
4931 22888
4932 22900
4933 22912
4934 22924
4935 22937
4936 22949
4937 22961
4938 22973
4939 22986
4940 22998
4941 23010
4942 23022
4943 23035
4944 23047
4945 23059
4946 23072
4947 23084
4948 23096
4949 23108
4950 23121
4951 23133
4952 23146
4953 23158
4954 23170
4955 23183
4956 23195
4957 23207
4958 23220
4959 23232
4960 23244
4961 23257
4962 23269
4963 23281
4964 23294
4965 23306
4966 23319
4967 23331
4968 23343
4969 23356
4970 23368
4971 23381
4972 23393
4973 23405
4974 23418
4975 23430
4976 23443
4977 23455
4978 23467
4979 23480
4980 23492
4981 23505
4982 23517
4983 23530
4984 23542
4985 23555
4986 23567
4987 23579
4988 23592
4989 23604
4990 23617
4991 23629
4992 23642
4993 23654
4994 23667
4995 23679
4996 23692
4997 23704
4998 23717
4999 23729
5000 23742
