1 0
2 0
3 0
4 0
5 0
6 0
7 0
8 0
9 0
10 0
11 0
12 0
13 0
14 0
15 0
16 1
17 1
18 1
19 1
20 1
21 2
22 2
23 2
24 2
25 3
26 3
27 3
28 4
29 4
30 5
31 5
32 6
33 7
34 7
35 8
36 9
37 10
38 10
39 11
40 12
41 13
42 14
43 16
44 17
45 18
46 20
47 21
48 23
49 24
50 26
51 28
52 30
53 32
54 34
55 36
56 38
57 41
58 43
59 46
60 48
61 51
62 54
63 57
64 60
65 64
66 67
67 71
68 74
69 78
70 82
71 86
72 90
73 95
74 99
75 104
76 109
77 114
78 119
79 124
80 130
81 136
82 142
83 148
84 154
85 160
86 167
87 174
88 181
89 189
90 196
91 204
92 212
93 220
94 229
95 237
96 246
97 256
98 265
99 275
100 285
101 296
102 307
103 318
104 329
105 341
106 353
107 365
108 377
109 390
110 403
111 416
112 430
113 444
114 458
115 473
116 488
117 504
118 520
119 536
120 553
121 570
122 587
123 605
124 623
125 642
126 661
127 681
128 701
129 721
130 742
131 763
132 784
133 806
134 828
135 851
136 874
137 898
138 922
139 946
140 972
141 997
142 1023
143 1050
144 1077
145 1105
146 1134
147 1163
148 1193
149 1223
150 1254
151 1285
152 1317
153 1350
154 1383
155 1417
156 1451
157 1486
158 1522
159 1559
160 1596
161 1634
162 1673
163 1712
164 1752
165 1792
166 1834
167 1876
168 1919
169 1963
170 2007
171 2053
172 2099
173 2146
174 2194
175 2242
176 2292
177 2342
178 2394
179 2446
180 2499
181 2553
182 2608
183 2664
184 2720
185 2778
186 2837
187 2896
188 2957
189 3019
190 3081
191 3145
192 3210
193 3276
194 3342
195 3410
196 3479
197 3549
198 3620
199 3692
200 3765
201 3839
202 3915
203 3991
204 4069
205 4148
206 4228
207 4309
208 4392
209 4476
210 4562
211 4649
212 4737
213 4827
214 4919
215 5011
216 5105
217 5199
218 5295
219 5393
220 5491
221 5592
222 5693
223 5796
224 5901
225 6006
226 6113
227 6222
228 6332
229 6444
230 6557
231 6672
232 6788
233 6907
234 7026
235 7147
236 7270
237 7394
238 7520
239 7647
240 7777
241 7908
242 8041
243 8176
244 8312
245 8450
246 8590
247 8731
248 8875
249 9020
250 9167
251 9316
252 9467
253 9620
254 9774
255 9931
256 10090
257 10250
258 10412
259 10576
260 10743
261 10911
262 11082
263 11254
264 11429
265 11606
266 11784
267 11966
268 12149
269 12334
270 12522
271 12711
272 12903
273 13097
274 13294
275 13493
276 13694
277 13898
278 14105
279 14313
280 14524
281 14738
282 14954
283 15172
284 15392
285 15615
286 15841
287 16069
288 16300
289 16533
290 16768
291 17007
292 17249
293 17492
294 17738
295 17988
296 18239
297 18496
298 18759
299 19026
