1 0
2 0
3 0
4 0
5 0
6 0
7 0
8 0
9 0
10 0
11 0
12 0
13 0
14 0
15 0
16 0
17 0
18 0
19 0
20 0
21 0
22 0
23 0
24 0
25 0
26 0
27 0
28 0
29 0
30 0
31 0
32 0
33 0
34 0
35 0
36 0
37 0
38 0
39 0
40 1
41 1
42 1
43 1
44 1
45 1
46 1
47 1
48 1
49 1
50 1
51 1
52 1
53 1
54 1
55 1
56 1
57 1
58 1
59 1
60 2
61 2
62 2
63 2
64 2
65 2
66 2
67 2
68 2
69 2
70 2
71 2
72 2
73 2
74 2
75 2
76 2
77 3
78 3
79 3
80 3
81 3
82 3
83 3
84 3
85 3
86 3
87 3
88 3
89 3
90 4
91 4
92 4
93 4
94 4
95 4
96 4
97 4
98 4
99 4
100 4
101 4
102 5
103 5
104 5
105 5
106 5
107 5
108 5
109 5
110 5
111 5
112 5
113 6
114 6
115 6
116 6
117 6
118 6
119 6
120 6
121 6
122 6
123 7
124 7
125 7
126 7
127 7
128 7
129 7
130 7
131 7
132 8
133 8
134 8
135 8
136 8
137 8
138 8
139 8
140 9
141 9
142 9
143 9
144 9
145 9
146 9
147 9
148 9
149 10
150 10
151 10
152 10
153 10
154 10
155 10
156 11
157 11
158 11
159 11
160 11
161 11
162 11
163 11
164 12
165 12
166 12
167 12
168 12
169 12
170 12
171 13
172 13
173 13
174 13
175 13
176 13
177 13
178 14
179 14
180 14
181 14
182 14
183 14
184 15
185 15
186 15
187 15
188 15
189 15
190 16
191 16
192 16
193 16
194 16
195 16
196 16
197 17
198 17
199 17
200 17
201 17
202 17
203 18
204 18
205 18
206 18
207 18
208 19
209 19
210 19
211 19
212 19
213 19
214 20
215 20
216 20
217 20
218 20
219 21
220 21
221 21
222 21
223 21
224 21
225 22
226 22
227 22
228 22
229 22
230 23
231 23
232 23
233 23
234 23
235 24
236 24
237 24
238 24
239 24
240 25
241 25
242 25
243 25
244 25
245 26
246 26
247 26
248 26
249 26
250 27
251 27
252 27
253 27
254 28
255 28
256 28
257 28
258 28
259 29
260 29
261 29
262 29
263 30
264 30
265 30
266 30
267 30
268 31
269 31
270 31
271 31
272 32
273 32
274 32
275 32
276 33
277 33
278 33
279 33
280 34
281 34
282 34
283 34
284 34
285 35
286 35
287 35
288 35
289 36
290 36
291 36
292 36
293 37
294 37
295 37
296 37
297 38
298 38
299 38
300 39
301 39
302 39
303 39
304 40
305 40
306 40
307 40
308 41
309 41
310 41
311 41
312 42
313 42
314 42
315 43
316 43
317 43
318 43
319 44
320 44
321 44
322 45
323 45
324 45
325 45
326 46
327 46
328 46
329 47
330 47
331 47
332 47
333 48
334 48
335 48
336 49
337 49
338 49
339 49
340 50
341 50
342 50
343 51
344 51
345 51
346 52
347 52
348 52
349 53
350 53
351 53
352 53
353 54
354 54
355 54
356 55
357 55
358 55
359 56
360 56
361 56
362 57
363 57
364 57
365 58
366 58
367 58
368 59
369 59
370 59
371 60
372 60
373 60
374 61
375 61
376 61
377 62
378 62
379 62
380 63
381 63
382 63
383 64
384 64
385 64
386 65
387 65
388 65
389 66
390 66
391 66
392 67
393 67
394 68
395 68
396 68
397 69
398 69
399 69
400 70
401 70
402 70
403 71
404 71
405 72
406 72
407 72
408 73
409 73
410 73
411 74
412 74
413 75
414 75
415 75
416 76
417 76
418 76
419 77
420 77
421 78
422 78
423 78
424 79
425 79
426 80
427 80
428 80
429 81
430 81
431 81
432 82
433 82
434 83
435 83
436 83
437 84
438 84
439 85
440 85
441 85
442 86
443 86
444 87
445 87
446 87
447 88
448 88
449 89
450 89
451 90
452 90
453 90
454 91
455 91
456 92
457 92
458 93
459 93
460 93
461 94
462 94
463 95
464 95
465 95
466 96
467 96
468 97
469 97
470 98
471 98
472 99
473 99
474 99
475 100
476 100
477 101
478 101
479 102
480 102
481 103
482 103
483 103
484 104
485 104
486 105
487 105
488 106
489 106
490 107
491 107
492 108
493 108
494 108
495 109
496 109
497 110
498 110
499 111
500 111
501 112
502 112
503 113
504 113
505 114
506 114
507 115
508 115
509 115
510 116
511 116
512 117
513 117
514 118
515 118
516 119
517 119
518 120
519 120
520 121
521 121
522 122
523 122
524 123
525 123
526 124
527 124
528 125
529 125
530 126
531 126
532 127
533 127
534 128
535 128
536 129
537 129
538 130
539 130
540 131
541 131
542 132
543 133
544 133
545 134
546 134
547 135
548 135
549 136
550 136
551 137
552 137
553 138
554 138
555 139
556 139
557 140
558 141
559 141
560 142
561 142
562 143
563 143
564 144
565 144
566 145
567 146
568 146
569 147
570 147
571 148
572 148
573 149
574 149
575 150
576 151
577 151
578 152
579 152
580 153
581 153
582 154
583 155
584 155
585 156
586 156
587 157
588 157
589 158
590 159
591 159
592 160
593 160
594 161
595 162
596 162
597 163
598 163
599 164
600 164
601 165
602 166
603 166
604 167
605 167
606 168
607 169
608 169
609 170
610 170
611 171
612 172
613 172
614 173
615 174
616 174
617 175
618 175
619 176
620 177
621 177
622 178
623 178
624 179
625 180
626 180
627 181
628 182
629 182
630 183
631 183
632 184
633 185
634 185
635 186
636 187
637 187
638 188
639 189
640 189
641 190
642 190
643 191
644 192
645 192
646 193
647 194
648 194
649 195
650 196
651 196
652 197
653 198
654 198
655 199
656 199
657 200
658 201
659 201
660 202
661 203
662 204
663 204
664 205
665 206
666 206
667 207
668 208
669 208
670 209
671 210
672 210
673 211
674 212
675 213
676 213
677 214
678 215
679 215
680 216
681 217
682 218
683 218
684 219
685 220
686 220
687 221
688 222
689 223
690 223
691 224
692 225
693 226
694 226
695 227
696 228
697 229
698 229
699 230
700 231
701 232
702 232
703 233
704 234
705 235
706 235
707 236
708 237
709 238
710 238
711 239
712 240
713 241
714 242
715 242
716 243
717 244
718 245
719 245
720 246
721 247
722 248
723 249
724 249
725 250
726 251
727 252
728 252
729 253
730 254
731 255
732 256
733 256
734 257
735 258
736 259
737 260
738 260
739 261
740 262
741 263
742 264
743 264
744 265
745 266
746 267
747 268
748 269
749 270
750 270
751 271
752 272
753 273
754 274
755 275
756 275
757 276
758 277
759 278
760 279
761 280
762 281
763 281
764 282
765 283
766 284
767 285
768 286
769 287
770 287
771 288
772 289
773 290
774 291
775 292
776 293
777 293
778 294
779 295
780 296
781 297
782 298
783 299
784 300
785 301
786 302
787 302
788 303
789 304
790 305
791 306
792 307
793 308
794 309
795 310
796 310
797 311
798 312
799 313
800 314
801 315
802 316
803 317
804 318
805 319
806 320
807 320
808 321
809 322
810 323
811 324
812 325
813 326
814 327
815 328
816 329
817 330
818 331
819 332
820 333
821 333
822 334
823 335
824 336
825 337
826 338
827 339
828 340
829 341
830 342
831 343
832 344
833 345
834 346
835 347
836 348
837 349
838 350
839 351
840 352
841 353
842 354
843 355
844 356
845 357
846 358
847 359
848 360
849 361
850 362
851 363
852 364
853 365
854 366
855 367
856 368
857 369
858 370
859 371
860 372
861 373
862 374
863 375
864 376
865 377
866 378
867 379
868 380
869 381
870 382
871 383
872 384
873 385
874 386
875 387
876 388
877 389
878 390
879 391
880 392
881 393
882 394
883 395
884 396
885 397
886 399
887 400
888 401
889 402
890 403
891 404
892 405
893 406
894 407
895 408
896 409
897 410
898 411
899 412
900 413
901 415
902 416
903 417
904 418
905 419
906 420
907 421
908 422
909 423
910 424
911 425
912 426
913 427
914 429
915 430
916 431
917 432
918 433
919 434
920 435
921 436
922 437
923 439
924 440
925 441
926 442
927 443
928 444
929 445
930 446
931 447
932 449
933 450
934 451
935 452
936 453
937 454
938 455
939 457
940 458
941 459
942 460
943 461
944 462
945 463
946 465
947 466
948 467
949 468
950 469
951 470
952 472
953 473
954 474
955 475
956 476
957 477
958 478
959 480
960 481
961 482
962 483
963 484
964 485
965 487
966 488
967 489
968 490
969 491
970 493
971 494
972 495
973 496
974 497
975 498
976 500
977 501
978 502
979 503
980 505
981 506
982 507
983 508
984 509
985 511
986 512
987 513
988 514
989 515
990 517
991 518
992 519
993 520
994 522
995 523
996 524
997 525
998 526
999 528
1000 529
1001 530
1002 531
1003 533
1004 534
1005 535
1006 536
1007 538
1008 539
1009 540
1010 542
1011 543
1012 544
1013 545
1014 547
1015 548
1016 549
1017 550
1018 552
1019 553
1020 554
1021 556
1022 557
1023 558
1024 559
1025 561
1026 562
1027 563
1028 565
1029 566
1030 567
1031 569
1032 570
1033 571
1034 572
1035 574
1036 575
1037 576
1038 578
1039 579
1040 580
1041 582
1042 583
1043 584
1044 586
1045 587
1046 588
1047 590
1048 591
1049 592
1050 593
1051 595
1052 596
1053 597
1054 599
1055 600
1056 601
1057 603
1058 604
1059 606
1060 607
1061 608
1062 610
1063 611
1064 612
1065 614
1066 615
1067 616
1068 618
1069 619
1070 620
1071 622
1072 623
1073 624
1074 626
1075 627
1076 629
1077 630
1078 631
1079 633
1080 634
1081 635
1082 637
1083 638
1084 640
1085 641
1086 642
1087 644
1088 645
1089 647
1090 648
1091 649
1092 651
1093 652
1094 654
1095 655
1096 656
1097 658
1098 659
1099 661
1100 662
1101 664
1102 665
1103 666
1104 669
1105 670
1106 671
1107 673
1108 674
1109 675
1110 677
1111 678
1112 679
1113 680
1114 682
1115 683
1116 684
1117 686
1118 687
1119 688
1120 690
1121 691
1122 692
1123 694
1124 695
1125 696
1126 698
1127 699
1128 700
1129 702
1130 703
1131 704
1132 706
1133 707
1134 708
1135 710
1136 711
1137 712
1138 714
1139 715
1140 716
1141 718
1142 719
1143 720
1144 722
1145 723
1146 724
1147 726
1148 727
1149 729
1150 730
1151 731
1152 733
1153 734
1154 735
1155 737
1156 738
1157 740
1158 741
1159 742
1160 744
1161 745
1162 746
1163 748
1164 749
1165 751
1166 752
1167 753
1168 755
1169 756
1170 758
1171 759
1172 760
1173 762
1174 763
1175 765
1176 766
1177 767
1178 769
1179 770
1180 772
1181 773
1182 775
1183 776
1184 777
1185 779
1186 780
1187 782
1188 783
1189 785
1190 786
1191 787
1192 789
1193 790
1194 792
1195 793
1196 795
1197 796
1198 798
1199 799
1200 800
1201 802
1202 803
1203 805
1204 806
1205 808
1206 809
1207 811
1208 812
1209 814
1210 815
1211 817
1212 818
1213 820
1214 821
1215 822
1216 824
1217 825
1218 827
1219 828
1220 830
1221 831
1222 833
1223 834
1224 836
1225 837
1226 839
1227 840
1228 842
1229 843
1230 845
1231 846
1232 848
1233 849
1234 851
1235 852
1236 854
1237 855
1238 857
1239 859
1240 860
1241 862
1242 863
1243 865
1244 866
1245 868
1246 869
1247 871
1248 872
1249 874
1250 875
1251 877
1252 879
1253 880
1254 882
1255 883
1256 885
1257 886
1258 888
1259 890
1260 891
1261 893
1262 894
1263 896
1264 897
1265 899
1266 901
1267 902
1268 904
1269 905
1270 907
1271 909
1272 910
1273 912
1274 913
1275 915
1276 917
1277 918
1278 920
1279 921
1280 923
1281 925
1282 926
1283 928
1284 929
1285 931
1286 933
1287 934
1288 936
1289 938
1290 939
1291 941
1292 942
1293 944
1294 946
1295 947
1296 949
1297 951
1298 952
1299 954
1300 956
1301 957
1302 959
1303 961
1304 962
1305 964
1306 966
1307 967
1308 969
1309 971
1310 972
1311 974
1312 976
1313 977
1314 979
1315 981
1316 982
1317 984
1318 986
1319 987
1320 989
1321 991
1322 992
1323 994
1324 996
1325 997
1326 999
1327 1001
1328 1002
1329 1004
1330 1006
1331 1008
1332 1009
1333 1011
1334 1013
1335 1014
1336 1016
1337 1018
1338 1020
1339 1021
1340 1023
1341 1025
1342 1026
1343 1028
1344 1030
1345 1032
1346 1033
1347 1035
1348 1037
1349 1039
1350 1040
1351 1042
1352 1044
1353 1046
1354 1047
1355 1049
1356 1051
1357 1052
1358 1054
1359 1056
1360 1058
1361 1060
1362 1061
1363 1063
1364 1065
1365 1067
1366 1068
1367 1070
1368 1072
1369 1074
1370 1076
1371 1077
1372 1079
1373 1081
1374 1083
1375 1084
1376 1086
1377 1088
1378 1090
1379 1092
1380 1093
1381 1095
1382 1097
1383 1099
1384 1101
1385 1102
1386 1104
1387 1106
1388 1108
1389 1110
1390 1112
1391 1113
1392 1115
1393 1117
1394 1119
1395 1121
1396 1123
1397 1124
1398 1126
1399 1128
1400 1130
1401 1132
1402 1134
1403 1135
1404 1137
1405 1139
1406 1141
1407 1143
1408 1145
1409 1147
1410 1148
1411 1150
1412 1152
1413 1154
1414 1156
1415 1158
1416 1160
1417 1161
1418 1163
1419 1165
1420 1167
1421 1169
1422 1171
1423 1173
1424 1175
1425 1177
1426 1178
1427 1180
1428 1182
1429 1184
1430 1186
1431 1188
1432 1190
1433 1192
1434 1194
1435 1196
1436 1197
1437 1199
1438 1201
1439 1203
1440 1205
1441 1207
1442 1209
1443 1211
1444 1213
1445 1215
1446 1217
1447 1219
1448 1221
1449 1223
1450 1224
1451 1226
1452 1228
1453 1230
1454 1232
1455 1234
1456 1236
1457 1238
1458 1240
1459 1242
1460 1244
1461 1246
1462 1248
1463 1250
1464 1252
1465 1254
1466 1256
1467 1258
1468 1260
1469 1262
1470 1264
1471 1266
1472 1268
1473 1270
1474 1272
1475 1274
1476 1276
1477 1278
1478 1280
1479 1282
1480 1284
1481 1286
1482 1288
1483 1290
1484 1292
1485 1294
1486 1296
1487 1298
1488 1300
1489 1302
1490 1304
1491 1306
1492 1308
1493 1310
1494 1312
1495 1314
1496 1316
1497 1318
1498 1320
1499 1322
1500 1324
1501 1326
1502 1328
1503 1330
1504 1332
1505 1334
1506 1336
1507 1338
1508 1340
1509 1342
1510 1344
1511 1346
1512 1349
1513 1351
1514 1353
1515 1355
1516 1357
1517 1359
1518 1361
1519 1363
1520 1365
1521 1367
1522 1369
1523 1371
1524 1374
1525 1376
1526 1378
1527 1380
1528 1382
1529 1384
1530 1386
1531 1388
1532 1390
1533 1393
1534 1395
1535 1397
1536 1399
1537 1401
1538 1403
1539 1405
1540 1407
1541 1409
1542 1412
1543 1414
1544 1416
1545 1418
1546 1420
1547 1422
1548 1424
1549 1427
1550 1429
1551 1431
1552 1433
1553 1435
1554 1437
1555 1439
1556 1442
1557 1444
1558 1446
1559 1448
1560 1450
1561 1452
1562 1455
1563 1457
1564 1459
1565 1461
1566 1463
1567 1466
1568 1468
1569 1470
1570 1472
1571 1474
1572 1477
1573 1479
1574 1481
1575 1483
1576 1485
1577 1488
1578 1490
1579 1492
1580 1494
1581 1496
1582 1499
1583 1501
1584 1503
1585 1505
1586 1507
1587 1510
1588 1512
1589 1514
1590 1516
1591 1519
1592 1521
1593 1523
1594 1525
1595 1528
1596 1530
1597 1532
1598 1534
1599 1537
1600 1539
1601 1541
1602 1543
1603 1546
1604 1548
1605 1550
1606 1553
1607 1555
1608 1557
1609 1559
1610 1562
1611 1564
1612 1566
1613 1569
1614 1571
1615 1573
1616 1575
1617 1578
1618 1580
1619 1582
1620 1585
1621 1587
1622 1589
1623 1592
1624 1594
1625 1596
1626 1599
1627 1601
1628 1603
1629 1605
1630 1608
1631 1610
1632 1612
1633 1615
1634 1617
1635 1620
1636 1622
1637 1624
1638 1627
1639 1629
1640 1631
1641 1634
1642 1636
1643 1639
1644 1641
1645 1643
1646 1646
1647 1648
1648 1650
1649 1653
1650 1655
1651 1657
1652 1660
1653 1662
1654 1665
1655 1667
1656 1669
1657 1672
1658 1674
1659 1676
1660 1679
1661 1681
1662 1683
1663 1686
1664 1688
1665 1691
1666 1693
1667 1695
1668 1698
1669 1700
1670 1702
1671 1705
1672 1707
1673 1710
1674 1712
1675 1714
1676 1717
1677 1719
1678 1722
1679 1724
1680 1726
1681 1729
1682 1731
1683 1734
1684 1736
1685 1739
1686 1741
1687 1743
1688 1746
1689 1748
1690 1751
1691 1753
1692 1756
1693 1758
1694 1760
1695 1763
1696 1765
1697 1768
1698 1770
1699 1773
1700 1775
1701 1778
1702 1780
1703 1783
1704 1785
1705 1787
1706 1790
1707 1792
1708 1795
1709 1797
1710 1800
1711 1802
1712 1805
1713 1807
1714 1810
1715 1812
1716 1815
1717 1817
1718 1820
1719 1822
1720 1825
1721 1827
1722 1830
1723 1832
1724 1835
1725 1837
1726 1840
1727 1842
1728 1845
1729 1847
1730 1850
1731 1852
1732 1855
1733 1857
1734 1860
1735 1862
1736 1865
1737 1867
1738 1870
1739 1872
1740 1875
1741 1878
1742 1880
1743 1883
1744 1885
1745 1888
1746 1890
1747 1893
1748 1895
1749 1898
1750 1901
1751 1903
1752 1906
1753 1908
1754 1911
1755 1913
1756 1916
1757 1919
1758 1921
1759 1924
1760 1926
1761 1929
1762 1931
1763 1934
1764 1937
1765 1939
1766 1942
1767 1944
1768 1947
1769 1950
1770 1952
1771 1955
1772 1957
1773 1960
1774 1963
1775 1965
1776 1968
1777 1971
1778 1973
1779 1976
1780 1979
1781 1981
1782 1984
1783 1986
1784 1989
1785 1992
1786 1994
1787 1997
1788 2000
1789 2002
1790 2005
1791 2008
1792 2010
1793 2013
1794 2016
1795 2018
1796 2021
1797 2024
1798 2026
1799 2029
1800 2032
1801 2034
1802 2037
1803 2040
1804 2042
1805 2045
1806 2048
1807 2050
1808 2053
1809 2056
1810 2059
1811 2061
1812 2064
1813 2067
1814 2069
1815 2072
1816 2075
1817 2077
1818 2080
1819 2083
1820 2086
1821 2088
1822 2091
1823 2094
1824 2097
1825 2099
1826 2102
1827 2105
1828 2107
1829 2110
1830 2113
1831 2116
1832 2118
1833 2121
1834 2124
1835 2127
1836 2129
1837 2132
1838 2135
1839 2138
1840 2140
1841 2143
1842 2146
1843 2149
1844 2151
1845 2154
1846 2157
1847 2160
1848 2163
1849 2165
1850 2168
1851 2171
1852 2174
1853 2176
1854 2179
1855 2182
1856 2185
1857 2188
1858 2190
1859 2193
1860 2196
1861 2199
1862 2202
1863 2204
1864 2207
1865 2210
1866 2213
1867 2216
1868 2219
1869 2221
1870 2224
1871 2227
1872 2230
1873 2233
1874 2236
1875 2238
1876 2241
1877 2244
1878 2247
1879 2250
1880 2253
1881 2255
1882 2258
1883 2261
1884 2264
1885 2267
1886 2270
1887 2273
1888 2276
1889 2278
1890 2281
1891 2284
1892 2287
1893 2290
1894 2293
1895 2296
1896 2299
1897 2301
1898 2304
1899 2307
1900 2310
1901 2313
1902 2316
1903 2319
1904 2322
1905 2325
1906 2328
1907 2331
1908 2333
1909 2336
1910 2339
1911 2342
1912 2345
1913 2348
1914 2351
1915 2354
1916 2357
1917 2360
1918 2363
1919 2366
1920 2369
1921 2372
1922 2374
1923 2377
1924 2380
1925 2383
1926 2386
1927 2389
1928 2392
1929 2395
1930 2398
1931 2401
1932 2404
1933 2407
1934 2410
1935 2413
1936 2416
1937 2419
1938 2422
1939 2425
1940 2428
1941 2431
1942 2434
1943 2437
1944 2440
1945 2443
1946 2446
1947 2449
1948 2452
1949 2455
1950 2458
1951 2461
1952 2464
1953 2467
1954 2470
1955 2473
1956 2476
1957 2479
1958 2482
1959 2485
1960 2488
1961 2491
1962 2494
1963 2497
1964 2500
1965 2502
1966 2505
1967 2508
1968 2511
1969 2514
1970 2517
1971 2520
1972 2523
1973 2526
1974 2530
1975 2533
1976 2536
1977 2539
1978 2542
1979 2545
1980 2547
1981 2551
1982 2554
1983 2557
1984 2560
1985 2563
1986 2566
1987 2569
1988 2572
1989 2575
1990 2578
1991 2581
1992 2584
1993 2587
1994 2590
1995 2593
1996 2596
1997 2599
1998 2602
1999 2605
