1 0
2 0
3 0
4 0
5 0
6 0
7 0
8 0
9 0
10 0
11 0
12 0
13 1
14 1
15 1
16 1
17 2
18 2
19 2
20 3
21 3
22 4
23 4
24 5
25 5
26 6
27 7
28 7
29 8
30 9
31 10
32 11
33 13
34 14
35 15
36 16
37 18
38 19
39 21
40 23
41 24
42 26
43 28
44 31
45 33
46 35
47 38
48 40
49 43
50 46
51 49
52 53
53 57
54 60
55 64
56 68
57 72
58 76
59 80
60 85
61 89
62 94
63 99
64 105
65 110
66 116
67 122
68 128
69 135
70 141
71 148
72 155
73 163
74 170
75 178
76 187
77 195
78 204
79 213
80 222
81 232
82 241
83 252
84 262
85 273
86 284
87 295
88 307
89 319
90 332
91 344
92 358
93 372
94 386
95 401
96 415
97 431
98 450
99 466
100 482
101 499
102 517
103 535
104 553
105 571
106 590
107 610
108 631
109 651
110 672
111 693
112 716
113 739
114 762
115 785
116 809
117 834
118 860
119 886
120 913
121 940
122 971
123 1000
124 1030
125 1059
126 1090
127 1121
128 1153
129 1186
130 1220
131 1255
132 1290
133 1326
134 1361
135 1398
136 1437
137 1475
138 1514
139 1558
140 1599
141 1640
142 1683
143 1726
144 1771
145 1817
146 1862
147 1908
148 1955
149 2003
150 2052
151 2102
152 2157
153 2208
154 2262
155 2315
156 2371
157 2426
158 2482
159 2540
160 2598
161 2657
162 2717
163 2788
164 2857
165 2921
166 2985
167 3052
168 3120
169 3190
170 3261
171 3331
172 3405
173 3478
174 3554
175 3631
176 3707
177 3785
178 3869
179 3950
180 4031
181 4113
182 4196
183 4284
184 4370
185 4457
186 4546
187 4635
188 4727
189 4819
190 4913
191 5013
192 5110
193 5208
194 5309
195 5410
196 5513
197 5618
198 5729
199 5836
200 5946
201 6057
202 6169
203 6284
204 6401
205 6523
206 6643
207 6764
208 6887
209 7012
210 7138
211 7273
212 7403
213 7536
214 7669
215 7805
216 7942
217 8081
218 8225
219 8367
220 8513
221 8661
222 8811
223 8968
224 9122
225 9278
226 9434
227 9593
228 9754
229 9921
230 10088
231 10256
232 10428
233 10600
234 10782
235 10961
236 11140
237 11328
238 11512
239 11703
240 11892
241 12082
242 12275
243 12470
244 12671
245 12871
246 13076
247 13279
248 13494
249 13704
250 13917
251 14132
252 14350
253 14574
254 14797
255 15022
256 15249
257 15486
258 15720
259 15956
260 16195
261 16445
262 16693
263 16951
264 17205
265 17470
266 17731
267 17994
268 18259
269 18536
270 18808
271 19091
272 19367
273 19653
274 19937
275 20229
276 20519
277 20814
278 21117
279 21417
280 21734
281 22039
282 22364
283 22675
284 22996
285 23315
286 23639
287 23972
288 24304
289 24647
290 25003
291 25345
292 25697
293 26047
294 26401
295 26763
296 27121
297 27495
298 27860
299 28229
